object={
	name="GH_cliff_rock_generator_0"
	render_pass=Map
	clamp_to_water_level=no
	generated_content=yes
	layer="grass_layer"
	pdxmesh="cliff_coastline_01_mesh"
	count=2
	transform="3012.544434 0.000000 1653.030151 0.000000 0.317613 0.000000 0.948220 0.742690 0.742690 0.742690
3355.960938 0.000000 2822.977295 0.000000 0.372973 0.000000 0.927842 0.773887 0.773887 0.773887
"}
object={
	name="GH_cliff_rock_generator_1"
	render_pass=Map
	clamp_to_water_level=no
	generated_content=yes
	layer="grass_layer"
	pdxmesh="GH_cliff_01_mesh"
	count=4
	transform="2993.541992 0.000000 1632.295288 0.000000 0.999999 0.000000 -0.001500 0.800231 0.800231 0.800231
3009.608887 0.000000 1642.620728 0.000000 0.963502 0.000000 -0.267701 0.804330 0.804330 0.804330
3372.809570 0.000000 2851.702148 0.000000 0.882168 0.000000 -0.470935 0.812732 0.812732 0.812732
3371.958496 0.000000 2848.384766 0.000000 0.999280 0.000000 0.037939 0.797575 0.797575 0.797575
"}
object={
	name="GH_cliff_rock_generator_2"
	render_pass=Map
	clamp_to_water_level=no
	generated_content=yes
	layer="grass_layer"
	pdxmesh="GH_cliff_02_mesh"
	count=3
	transform="3027.258301 0.000000 1637.828613 0.000000 0.337249 0.000000 -0.941415 0.817152 0.817152 0.817152
3023.675049 0.000000 1671.149658 0.000000 0.680264 0.000000 -0.732968 0.844363 0.844363 0.844363
3368.752686 0.000000 2845.467285 0.000000 0.332518 0.000000 -0.943097 0.851665 0.851665 0.851665
"}
