object={
	name="rock_hardened_lava_01_generator_0"
	render_pass=Map
	clamp_to_water_level=no
	generated_content=yes
	layer="grass_layer"
	pdxmesh="rock_hardened_lava_01_a_mesh"
	count=193
	transform="4073.201172 0.000000 887.356995 0.000000 0.536265 0.000000 0.844049 0.500000 0.500000 0.500000
2040.398071 0.000000 2675.713623 0.000000 0.282709 0.000000 0.959206 0.500000 0.500000 0.500000
2031.610962 0.000000 2696.218018 0.000000 0.257135 0.000000 0.966376 0.500000 0.500000 0.500000
2743.449707 0.000000 2530.681885 0.000000 0.467587 0.000000 0.883947 0.500000 0.500000 0.500000
2741.955078 0.000000 2554.463135 0.000000 0.403609 0.000000 0.914932 0.500000 0.500000 0.500000
2777.917480 0.000000 2541.776123 0.000000 0.277289 0.000000 0.960786 0.500000 0.500000 0.500000
2049.725830 0.000000 2666.370850 0.000000 0.088055 0.000000 0.996116 0.500000 0.500000 0.500000
2047.957642 0.000000 2669.794678 0.000000 0.533005 0.000000 0.846112 0.500000 0.500000 0.500000
2093.393311 0.000000 2803.783447 0.000000 0.041708 0.000000 0.999130 0.500000 0.500000 0.500000
2057.425293 0.000000 2761.573486 0.000000 0.321118 0.000000 0.947039 0.500000 0.500000 0.500000
2056.551514 0.000000 2771.656250 0.000000 0.475642 0.000000 0.879639 0.500000 0.500000 0.500000
2050.067627 0.000000 2760.790039 0.000000 0.370064 0.000000 0.929006 0.500000 0.500000 0.500000
2077.254639 0.000000 2753.051758 0.000000 0.310525 0.000000 0.950565 0.500000 0.500000 0.500000
2089.163818 0.000000 2785.761230 0.000000 0.265627 0.000000 0.964076 0.500000 0.500000 0.500000
2092.114746 0.000000 2784.400391 0.000000 0.493017 0.000000 0.870020 0.500000 0.500000 0.500000
2103.121826 0.000000 2835.838867 0.000000 0.111634 0.000000 0.993749 0.500000 0.500000 0.500000
2105.853027 0.000000 2833.104004 0.000000 0.020044 0.000000 0.999799 0.500000 0.500000 0.500000
2119.999268 0.000000 2858.804932 0.000000 0.304676 0.000000 0.952456 0.500000 0.500000 0.500000
2096.806885 0.000000 2885.048828 0.000000 0.014577 0.000000 0.999894 0.500000 0.500000 0.500000
2113.718262 0.000000 2922.308350 0.000000 0.466665 0.000000 0.884434 0.500000 0.500000 0.500000
2134.225586 0.000000 2942.004395 0.000000 0.486395 0.000000 0.873739 0.500000 0.500000 0.500000
2124.250732 0.000000 2932.186279 0.000000 0.405060 0.000000 0.914290 0.500000 0.500000 0.500000
2138.688232 0.000000 2928.798096 0.000000 0.105306 0.000000 0.994440 0.500000 0.500000 0.500000
2134.715820 0.000000 2974.713135 0.000000 0.552163 0.000000 0.833736 0.500000 0.500000 0.500000
2135.413330 0.000000 2993.696777 0.000000 0.527259 0.000000 0.849705 0.500000 0.500000 0.500000
2175.101074 0.000000 2999.351074 0.000000 0.085517 0.000000 0.996337 0.500000 0.500000 0.500000
2140.410645 0.000000 2995.690918 0.000000 0.442679 0.000000 0.896680 0.500000 0.500000 0.500000
2135.056885 0.000000 2971.816162 0.000000 0.478443 0.000000 0.878119 0.500000 0.500000 0.500000
2172.199951 0.000000 3051.075195 0.000000 0.320888 0.000000 0.947117 0.500000 0.500000 0.500000
2173.389648 0.000000 3008.072266 0.000000 0.171393 0.000000 0.985203 0.500000 0.500000 0.500000
2181.296143 0.000000 3001.837158 0.000000 0.253731 0.000000 0.967275 0.500000 0.500000 0.500000
2209.985596 0.000000 3004.434326 0.000000 0.104573 0.000000 0.994517 0.500000 0.500000 0.500000
2213.718506 0.000000 3000.706055 0.000000 0.171605 0.000000 0.985166 0.500000 0.500000 0.500000
2267.055420 0.000000 2955.173828 0.000000 0.548806 0.000000 0.835950 0.500000 0.500000 0.500000
2280.395264 0.000000 2948.570557 0.000000 0.270226 0.000000 0.962797 0.500000 0.500000 0.500000
2270.438232 0.000000 2957.102539 0.000000 0.058150 0.000000 0.998308 0.500000 0.500000 0.500000
2196.700684 0.000000 3066.312012 0.000000 0.476631 0.000000 0.879104 0.500000 0.500000 0.500000
2217.276123 0.000000 3023.677734 0.000000 0.474617 0.000000 0.880193 0.500000 0.500000 0.500000
2191.103027 0.000000 3047.925537 0.000000 0.535375 0.000000 0.844614 0.500000 0.500000 0.500000
2204.402832 0.000000 3059.675293 0.000000 0.107968 0.000000 0.994154 0.500000 0.500000 0.500000
2175.759277 0.000000 3013.949463 0.000000 0.422475 0.000000 0.906375 0.500000 0.500000 0.500000
2219.443848 0.000000 3025.942627 0.000000 0.564136 0.000000 0.825682 0.500000 0.500000 0.500000
2195.207520 0.000000 3069.111328 0.000000 0.109141 0.000000 0.994026 0.500000 0.500000 0.500000
2216.210449 0.000000 3029.947021 0.000000 0.381165 0.000000 0.924507 0.500000 0.500000 0.500000
2547.392334 0.000000 2852.146973 0.000000 0.551917 0.000000 0.833899 0.500000 0.500000 0.500000
2536.017090 0.000000 2877.253174 0.000000 0.312671 0.000000 0.949862 0.500000 0.500000 0.500000
2512.761963 0.000000 2832.729980 0.000000 0.524541 0.000000 0.851385 0.500000 0.500000 0.500000
2505.370850 0.000000 2825.557861 0.000000 0.302886 0.000000 0.953027 0.500000 0.500000 0.500000
2515.334229 0.000000 2824.336182 0.000000 0.129111 0.000000 0.991630 0.500000 0.500000 0.500000
2506.057373 0.000000 2877.010498 0.000000 0.241514 0.000000 0.970397 0.500000 0.500000 0.500000
2552.389648 0.000000 2854.908691 0.000000 0.268948 0.000000 0.963155 0.500000 0.500000 0.500000
2512.068115 0.000000 2877.453857 0.000000 0.270665 0.000000 0.962674 0.500000 0.500000 0.500000
2521.399902 0.000000 2871.104248 0.000000 0.413720 0.000000 0.910404 0.500000 0.500000 0.500000
2553.364990 0.000000 2863.007324 0.000000 0.050890 0.000000 0.998704 0.500000 0.500000 0.500000
2551.983643 0.000000 2859.070557 0.000000 0.198343 0.000000 0.980133 0.500000 0.500000 0.500000
2509.316650 0.000000 2875.332520 0.000000 0.481182 0.000000 0.876621 0.500000 0.500000 0.500000
2530.676025 0.000000 2883.002686 0.000000 0.270557 0.000000 0.962704 0.500000 0.500000 0.500000
2510.103027 0.000000 2880.864990 0.000000 0.403904 0.000000 0.914802 0.500000 0.500000 0.500000
2340.007812 0.000000 2959.831299 0.000000 0.422172 0.000000 0.906516 0.500000 0.500000 0.500000
2362.988525 0.000000 3033.858643 0.000000 0.297796 0.000000 0.954630 0.500000 0.500000 0.500000
2359.090576 0.000000 3027.791992 0.000000 0.517651 0.000000 0.855592 0.500000 0.500000 0.500000
2366.210449 0.000000 3034.322021 0.000000 0.367802 0.000000 0.929904 0.500000 0.500000 0.500000
2379.769531 0.000000 3052.919678 0.000000 0.470524 0.000000 0.882387 0.500000 0.500000 0.500000
2370.675537 0.000000 3033.683594 0.000000 0.444947 0.000000 0.895557 0.500000 0.500000 0.500000
2512.136475 0.000000 2988.639404 0.000000 0.429835 0.000000 0.902907 0.500000 0.500000 0.500000
2538.680664 0.000000 2951.227783 0.000000 0.253509 0.000000 0.967333 0.500000 0.500000 0.500000
2511.063965 0.000000 2983.941162 0.000000 0.305894 0.000000 0.952066 0.500000 0.500000 0.500000
2528.390625 0.000000 2949.326416 0.000000 0.034456 0.000000 0.999406 0.500000 0.500000 0.500000
2546.915039 0.000000 2946.730469 0.000000 0.359005 0.000000 0.933335 0.500000 0.500000 0.500000
2514.447754 0.000000 2985.639893 0.000000 0.417284 0.000000 0.908776 0.500000 0.500000 0.500000
2558.881348 0.000000 2950.184082 0.000000 0.497612 0.000000 0.867400 0.500000 0.500000 0.500000
2546.704346 0.000000 2953.453125 0.000000 0.309857 0.000000 0.950783 0.500000 0.500000 0.500000
2536.364014 0.000000 2948.570557 0.000000 0.168811 0.000000 0.985649 0.500000 0.500000 0.500000
2530.676025 0.000000 2946.987061 0.000000 0.273150 0.000000 0.961971 0.500000 0.500000 0.500000
2534.729248 0.000000 2947.523926 0.000000 0.117264 0.000000 0.993101 0.500000 0.500000 0.500000
2529.484619 0.000000 3028.177490 0.000000 0.380001 0.000000 0.924986 0.500000 0.500000 0.500000
2533.043457 0.000000 3040.395996 0.000000 0.146589 0.000000 0.989197 0.500000 0.500000 0.500000
2524.468018 0.000000 3022.576416 0.000000 0.381305 0.000000 0.924449 0.500000 0.500000 0.500000
2518.423096 0.000000 3021.585449 0.000000 0.193534 0.000000 0.981093 0.500000 0.500000 0.500000
2520.980713 0.000000 3025.218018 0.000000 0.298768 0.000000 0.954326 0.500000 0.500000 0.500000
2529.743164 0.000000 3042.284180 0.000000 0.290041 0.000000 0.957014 0.500000 0.500000 0.500000
2523.426025 0.000000 3028.684814 0.000000 0.531496 0.000000 0.847061 0.500000 0.500000 0.500000
2534.492432 0.000000 3038.340576 0.000000 0.004094 0.000000 0.999992 0.500000 0.500000 0.500000
2533.086670 0.000000 3033.804443 0.000000 0.437638 0.000000 0.899151 0.500000 0.500000 0.500000
2527.631104 0.000000 3026.528320 0.000000 0.450659 0.000000 0.892696 0.500000 0.500000 0.500000
2531.240234 0.000000 3034.925293 0.000000 0.158194 0.000000 0.987408 0.500000 0.500000 0.500000
2528.241211 0.000000 3029.488525 0.000000 0.070527 0.000000 0.997510 0.500000 0.500000 0.500000
2531.315186 0.000000 3036.858887 0.000000 0.426488 0.000000 0.904493 0.500000 0.500000 0.500000
2747.336426 0.000000 2565.752441 0.000000 0.473049 0.000000 0.881036 0.500000 0.500000 0.500000
2773.238770 0.000000 2559.729004 0.000000 0.215287 0.000000 0.976551 0.500000 0.500000 0.500000
2772.027832 0.000000 2563.005615 0.000000 0.468678 0.000000 0.883369 0.500000 0.500000 0.500000
2775.335205 0.000000 2673.774902 0.000000 0.233032 0.000000 0.972469 0.500000 0.500000 0.500000
2804.115723 0.000000 2648.461914 0.000000 0.365483 0.000000 0.930818 0.500000 0.500000 0.500000
2780.332520 0.000000 2675.769043 0.000000 0.540393 0.000000 0.841413 0.500000 0.500000 0.500000
2807.282227 0.000000 2650.518066 0.000000 0.024876 0.000000 0.999691 0.500000 0.500000 0.500000
2778.610107 0.000000 2672.860596 0.000000 0.029192 0.000000 0.999574 0.500000 0.500000 0.500000
2777.332275 0.000000 2676.050537 0.000000 0.215313 0.000000 0.976545 0.500000 0.500000 0.500000
2685.109619 0.000000 2708.167480 0.000000 0.569119 0.000000 0.822255 0.500000 0.500000 0.500000
2686.865723 0.000000 2694.246582 0.000000 0.305718 0.000000 0.952122 0.500000 0.500000 0.500000
2697.347412 0.000000 2697.589111 0.000000 0.290193 0.000000 0.956968 0.500000 0.500000 0.500000
2687.792969 0.000000 2699.831299 0.000000 0.155124 0.000000 0.987895 0.500000 0.500000 0.500000
2721.416992 0.000000 2734.296875 0.000000 0.234074 0.000000 0.972219 0.500000 0.500000 0.500000
2807.318359 0.000000 2745.094238 0.000000 0.034785 0.000000 0.999395 0.500000 0.500000 0.500000
2810.074951 0.000000 2764.853516 0.000000 0.017924 0.000000 0.999839 0.500000 0.500000 0.500000
2815.643799 0.000000 2773.197510 0.000000 0.582088 0.000000 0.813126 0.500000 0.500000 0.500000
2814.545410 0.000000 2769.920654 0.000000 0.229072 0.000000 0.973409 0.500000 0.500000 0.500000
2852.861328 0.000000 2669.277100 0.000000 0.518044 0.000000 0.855354 0.500000 0.500000 0.500000
2854.608398 0.000000 2675.747803 0.000000 0.098637 0.000000 0.995124 0.500000 0.500000 0.500000
2858.265137 0.000000 2671.194092 0.000000 0.169642 0.000000 0.985506 0.500000 0.500000 0.500000
2850.407959 0.000000 2667.388184 0.000000 0.512572 0.000000 0.858644 0.500000 0.500000 0.500000
2886.174561 0.000000 2679.239502 0.000000 0.402322 0.000000 0.915498 0.500000 0.500000 0.500000
2829.083984 0.000000 2743.791748 0.000000 0.002954 0.000000 0.999996 0.500000 0.500000 0.500000
2880.021240 0.000000 2690.636963 0.000000 0.013236 0.000000 0.999912 0.500000 0.500000 0.500000
2908.421143 0.000000 2702.654541 0.000000 0.446526 0.000000 0.894770 0.500000 0.500000 0.500000
2900.428955 0.000000 2705.187256 0.000000 0.468548 0.000000 0.883438 0.500000 0.500000 0.500000
2902.636475 0.000000 2707.381348 0.000000 0.549399 0.000000 0.835560 0.500000 0.500000 0.500000
2817.158691 0.000000 2767.184570 0.000000 0.233870 0.000000 0.972268 0.500000 0.500000 0.500000
2837.721191 0.000000 2795.950928 0.000000 0.103352 0.000000 0.994645 0.500000 0.500000 0.500000
2834.408691 0.000000 2793.686768 0.000000 0.435702 0.000000 0.900091 0.500000 0.500000 0.500000
2831.438721 0.000000 2788.226562 0.000000 0.281015 0.000000 0.959704 0.500000 0.500000 0.500000
2815.727783 0.000000 2769.905518 0.000000 0.475838 0.000000 0.879533 0.500000 0.500000 0.500000
2571.288086 0.000000 2856.893311 0.000000 0.367835 0.000000 0.929891 0.500000 0.500000 0.500000
2567.270508 0.000000 2861.960938 0.000000 0.056480 0.000000 0.998404 0.500000 0.500000 0.500000
2561.663574 0.000000 2922.308350 0.000000 0.302833 0.000000 0.953044 0.500000 0.500000 0.500000
2632.827148 0.000000 2896.494873 0.000000 0.565219 0.000000 0.824941 0.500000 0.500000 0.500000
2635.076416 0.000000 2898.092285 0.000000 0.217486 0.000000 0.976063 0.500000 0.500000 0.500000
2796.297852 0.000000 2827.970947 0.000000 0.318748 0.000000 0.947840 0.500000 0.500000 0.500000
2565.048828 0.000000 2967.607666 0.000000 0.111231 0.000000 0.993795 0.500000 0.500000 0.500000
2559.759521 0.000000 2952.530273 0.000000 0.361725 0.000000 0.932285 0.500000 0.500000 0.500000
2601.229248 0.000000 3023.677734 0.000000 0.395936 0.000000 0.918278 0.500000 0.500000 0.500000
2599.615479 0.000000 3032.849365 0.000000 0.084730 0.000000 0.996404 0.500000 0.500000 0.500000
2606.260498 0.000000 3024.596436 0.000000 0.495743 0.000000 0.868469 0.500000 0.500000 0.500000
2598.174072 0.000000 3027.939209 0.000000 0.157121 0.000000 0.987579 0.500000 0.500000 0.500000
2605.108398 0.000000 3033.135742 0.000000 0.448650 0.000000 0.893708 0.500000 0.500000 0.500000
2611.900879 0.000000 3028.994873 0.000000 0.028469 0.000000 0.999595 0.500000 0.500000 0.500000
2603.396973 0.000000 3025.942627 0.000000 0.325199 0.000000 0.945646 0.500000 0.500000 0.500000
2605.533936 0.000000 3027.824219 0.000000 0.281255 0.000000 0.959633 0.500000 0.500000 0.500000
2600.865234 0.000000 3027.207764 0.000000 0.333421 0.000000 0.942778 0.500000 0.500000 0.500000
2833.186279 0.000000 2815.318359 0.000000 0.111162 0.000000 0.993802 0.500000 0.500000 0.500000
2830.063965 0.000000 2816.880615 0.000000 0.126529 0.000000 0.991963 0.500000 0.500000 0.500000
3255.514404 0.000000 2627.913574 0.000000 0.507582 0.000000 0.861603 0.500000 0.500000 0.500000
3258.473145 0.000000 2643.703613 0.000000 0.343050 0.000000 0.939317 0.500000 0.500000 0.500000
3151.833252 0.000000 2746.972412 0.000000 0.442171 0.000000 0.896931 0.500000 0.500000 0.500000
3172.822266 0.000000 2797.245850 0.000000 0.316258 0.000000 0.948673 0.500000 0.500000 0.500000
3157.191895 0.000000 2751.682129 0.000000 0.167315 0.000000 0.985903 0.500000 0.500000 0.500000
3142.441895 0.000000 2766.231689 0.000000 0.267126 0.000000 0.963662 0.500000 0.500000 0.500000
3153.147217 0.000000 2751.333984 0.000000 0.529138 0.000000 0.848536 0.500000 0.500000 0.500000
3141.605225 0.000000 2762.500244 0.000000 0.151054 0.000000 0.988526 0.500000 0.500000 0.500000
3188.533691 0.000000 2785.141113 0.000000 0.515118 0.000000 0.857119 0.500000 0.500000 0.500000
3233.398682 0.000000 2708.255615 0.000000 0.111864 0.000000 0.993724 0.500000 0.500000 0.500000
3227.178223 0.000000 2719.593994 0.000000 0.257898 0.000000 0.966172 0.500000 0.500000 0.500000
3226.560303 0.000000 2711.590576 0.000000 0.575665 0.000000 0.817685 0.500000 0.500000 0.500000
3229.009277 0.000000 2709.020752 0.000000 0.520617 0.000000 0.853791 0.500000 0.500000 0.500000
3230.742676 0.000000 2710.602783 0.000000 0.159774 0.000000 0.987154 0.500000 0.500000 0.500000
3226.190674 0.000000 2709.916260 0.000000 0.431430 0.000000 0.902146 0.500000 0.500000 0.500000
3228.038330 0.000000 2711.990723 0.000000 0.010697 0.000000 0.999943 0.500000 0.500000 0.500000
3361.641602 0.000000 2850.331055 0.000000 0.423704 0.000000 0.905801 0.500000 0.500000 0.500000
2211.230469 0.000000 3071.812500 0.000000 0.440961 0.000000 0.897526 0.500000 0.500000 0.500000
2204.507080 0.000000 3086.560791 0.000000 0.507518 0.000000 0.861641 0.500000 0.500000 0.500000
2237.901855 0.000000 3122.336182 0.000000 0.344094 0.000000 0.938935 0.500000 0.500000 0.500000
2213.161621 0.000000 3076.994141 0.000000 0.153974 0.000000 0.988075 0.500000 0.500000 0.500000
2218.311768 0.000000 3098.686279 0.000000 0.079306 0.000000 0.996850 0.500000 0.500000 0.500000
2219.677246 0.000000 3073.960205 0.000000 0.329247 0.000000 0.944244 0.500000 0.500000 0.500000
2243.984131 0.000000 3118.611084 0.000000 0.238681 0.000000 0.971098 0.500000 0.500000 0.500000
2305.694824 0.000000 3178.245850 0.000000 0.076959 0.000000 0.997034 0.500000 0.500000 0.500000
2315.777344 0.000000 3180.888428 0.000000 0.094826 0.000000 0.995494 0.500000 0.500000 0.500000
2391.382080 0.000000 3185.649902 0.000000 0.480956 0.000000 0.876744 0.500000 0.500000 0.500000
2393.900391 0.000000 3163.073730 0.000000 0.435998 0.000000 0.899948 0.500000 0.500000 0.500000
2395.279785 0.000000 3167.484619 0.000000 0.326286 0.000000 0.945271 0.500000 0.500000 0.500000
2419.924316 0.000000 3156.963623 0.000000 0.429824 0.000000 0.902913 0.500000 0.500000 0.500000
2391.025635 0.000000 3163.769287 0.000000 0.397418 0.000000 0.917638 0.500000 0.500000 0.500000
2393.379150 0.000000 3187.925537 0.000000 0.034205 0.000000 0.999415 0.500000 0.500000 0.500000
2418.173340 0.000000 3158.784180 0.000000 0.335952 0.000000 0.941879 0.500000 0.500000 0.500000
2436.956055 0.000000 3173.266602 0.000000 0.151413 0.000000 0.988471 0.500000 0.500000 0.500000
2501.257080 0.000000 3193.790283 0.000000 0.184200 0.000000 0.982889 0.500000 0.500000 0.500000
2490.114014 0.000000 3212.744141 0.000000 0.481935 0.000000 0.876207 0.500000 0.500000 0.500000
2441.378662 0.000000 3209.464111 0.000000 0.522944 0.000000 0.852367 0.500000 0.500000 0.500000
2438.491699 0.000000 3203.906250 0.000000 0.321414 0.000000 0.946939 0.500000 0.500000 0.500000
2486.399414 0.000000 3210.482666 0.000000 0.104223 0.000000 0.994554 0.500000 0.500000 0.500000
2490.683594 0.000000 3209.771973 0.000000 0.362781 0.000000 0.931874 0.500000 0.500000 0.500000
2441.364990 0.000000 3203.199219 0.000000 0.463185 0.000000 0.886262 0.500000 0.500000 0.500000
2507.077148 0.000000 3200.005615 0.000000 0.248351 0.000000 0.968670 0.500000 0.500000 0.500000
2502.483887 0.000000 3203.906250 0.000000 0.018312 0.000000 0.999832 0.500000 0.500000 0.500000
2498.976318 0.000000 3205.090088 0.000000 0.321580 0.000000 0.946882 0.500000 0.500000 0.500000
2571.060303 0.000000 3109.058105 0.000000 0.564226 0.000000 0.825620 0.500000 0.500000 0.500000
2584.702881 0.000000 3093.582275 0.000000 0.198525 0.000000 0.980096 0.500000 0.500000 0.500000
2575.270996 0.000000 3104.198975 0.000000 0.217218 0.000000 0.976123 0.500000 0.500000 0.500000
2590.414062 0.000000 3115.444092 0.000000 0.091691 0.000000 0.995788 0.500000 0.500000 0.500000
2586.633545 0.000000 3120.751221 0.000000 0.046989 0.000000 0.998895 0.500000 0.500000 0.500000
2568.834961 0.000000 3088.447998 0.000000 0.355399 0.000000 0.934715 0.500000 0.500000 0.500000
2585.198242 0.000000 3101.718994 0.000000 0.222509 0.000000 0.974931 0.500000 0.500000 0.500000
2581.752441 0.000000 3179.857178 0.000000 0.542316 0.000000 0.840175 0.500000 0.500000 0.500000
2566.940674 0.000000 3196.531006 0.000000 0.388581 0.000000 0.921415 0.500000 0.500000 0.500000
"}
object={
	name="rock_hardened_lava_01_generator_1"
	render_pass=Map
	clamp_to_water_level=no
	generated_content=yes
	layer="grass_layer"
	pdxmesh="rock_hardened_lava_01_b_mesh"
	count=176
	transform="2045.925049 0.000000 2674.445557 0.000000 0.786810 0.000000 0.617195 0.500000 0.500000 0.500000
2039.412109 0.000000 2681.109863 0.000000 0.661969 0.000000 0.749531 0.500000 0.500000 0.500000
2041.277588 0.000000 2685.693848 0.000000 0.736411 0.000000 0.676534 0.500000 0.500000 0.500000
2031.307861 0.000000 2688.771973 0.000000 0.899501 0.000000 0.436920 0.500000 0.500000 0.500000
2738.033936 0.000000 2555.783203 0.000000 0.935048 0.000000 0.354521 0.500000 0.500000 0.500000
2726.624023 0.000000 2547.779053 0.000000 0.897309 0.000000 0.441403 0.500000 0.500000 0.500000
2743.326172 0.000000 2553.141113 0.000000 0.747058 0.000000 0.664759 0.500000 0.500000 0.500000
2774.637695 0.000000 2526.822510 0.000000 0.840950 0.000000 0.541113 0.500000 0.500000 0.500000
2778.633789 0.000000 2537.196045 0.000000 0.873624 0.000000 0.486602 0.500000 0.500000 0.500000
2802.026123 0.000000 2555.783203 0.000000 0.896413 0.000000 0.443220 0.500000 0.500000 0.500000
2797.553467 0.000000 2538.691162 0.000000 0.898435 0.000000 0.439107 0.500000 0.500000 0.500000
2777.853516 0.000000 2523.229980 0.000000 0.635753 0.000000 0.771892 0.500000 0.500000 0.500000
2763.264648 0.000000 2536.971436 0.000000 0.837203 0.000000 0.546893 0.500000 0.500000 0.500000
2804.580566 0.000000 2529.203613 0.000000 0.689812 0.000000 0.723989 0.500000 0.500000 0.500000
2798.761230 0.000000 2523.213135 0.000000 0.710992 0.000000 0.703201 0.500000 0.500000 0.500000
2784.421387 0.000000 2540.219971 0.000000 0.895078 0.000000 0.445910 0.500000 0.500000 0.500000
2815.731201 0.000000 2526.466064 0.000000 0.940597 0.000000 0.339525 0.500000 0.500000 0.500000
2078.610352 0.000000 2748.313477 0.000000 0.791712 0.000000 0.610894 0.500000 0.500000 0.500000
2093.639404 0.000000 2794.628662 0.000000 0.879506 0.000000 0.475887 0.500000 0.500000 0.500000
2092.965820 0.000000 2787.717773 0.000000 0.785836 0.000000 0.618435 0.500000 0.500000 0.500000
2054.538330 0.000000 2756.015625 0.000000 0.874973 0.000000 0.484172 0.500000 0.500000 0.500000
2058.921875 0.000000 2776.399170 0.000000 0.917174 0.000000 0.398488 0.500000 0.500000 0.500000
2054.574707 0.000000 2766.231689 0.000000 0.861326 0.000000 0.508054 0.500000 0.500000 0.500000
2095.992676 0.000000 2799.527100 0.000000 0.885873 0.000000 0.463928 0.500000 0.500000 0.500000
2089.109131 0.000000 2794.851807 0.000000 0.946134 0.000000 0.323776 0.500000 0.500000 0.500000
2091.552002 0.000000 2791.406738 0.000000 0.926459 0.000000 0.376396 0.500000 0.500000 0.500000
2097.025391 0.000000 2802.884766 0.000000 0.813451 0.000000 0.581634 0.500000 0.500000 0.500000
2106.107666 0.000000 2838.253174 0.000000 0.850879 0.000000 0.525361 0.500000 0.500000 0.500000
2119.325195 0.000000 2861.960938 0.000000 0.941021 0.000000 0.338348 0.500000 0.500000 0.500000
2102.803223 0.000000 2880.049072 0.000000 0.624054 0.000000 0.781381 0.500000 0.500000 0.500000
2142.441162 0.000000 2927.964111 0.000000 0.753907 0.000000 0.656981 0.500000 0.500000 0.500000
2145.409912 0.000000 2920.165527 0.000000 0.946320 0.000000 0.323233 0.500000 0.500000 0.500000
2142.468750 0.000000 2923.490967 0.000000 0.685877 0.000000 0.727717 0.500000 0.500000 0.500000
2140.918945 0.000000 2925.600342 0.000000 0.661926 0.000000 0.749569 0.500000 0.500000 0.500000
2280.048340 0.000000 2941.237549 0.000000 0.615034 0.000000 0.788501 0.500000 0.500000 0.500000
2128.183350 0.000000 2988.639404 0.000000 0.767024 0.000000 0.641618 0.500000 0.500000 0.500000
2172.293457 0.000000 3004.001953 0.000000 0.742553 0.000000 0.669787 0.500000 0.500000 0.500000
2137.931641 0.000000 2971.120605 0.000000 0.736144 0.000000 0.676825 0.500000 0.500000 0.500000
2130.691406 0.000000 2973.124023 0.000000 0.691277 0.000000 0.722590 0.500000 0.500000 0.500000
2173.621582 0.000000 3011.422607 0.000000 0.919341 0.000000 0.393461 0.500000 0.500000 0.500000
2216.056152 0.000000 3005.221924 0.000000 0.795227 0.000000 0.606312 0.500000 0.500000 0.500000
2180.645996 0.000000 2996.702148 0.000000 0.790288 0.000000 0.612736 0.500000 0.500000 0.500000
2223.442871 0.000000 3005.482422 0.000000 0.878501 0.000000 0.477740 0.500000 0.500000 0.500000
2251.108398 0.000000 2944.068115 0.000000 0.724849 0.000000 0.688908 0.500000 0.500000 0.500000
2282.711914 0.000000 2951.227783 0.000000 0.842861 0.000000 0.538132 0.500000 0.500000 0.500000
2275.249512 0.000000 2954.426025 0.000000 0.936981 0.000000 0.349380 0.500000 0.500000 0.500000
2277.153809 0.000000 2949.025391 0.000000 0.877549 0.000000 0.479488 0.500000 0.500000 0.500000
2218.719727 0.000000 3015.212158 0.000000 0.672946 0.000000 0.739692 0.500000 0.500000 0.500000
2207.049316 0.000000 3063.199463 0.000000 0.877312 0.000000 0.479920 0.500000 0.500000 0.500000
2211.230469 0.000000 3007.828125 0.000000 0.860725 0.000000 0.509070 0.500000 0.500000 0.500000
2192.107178 0.000000 3069.406982 0.000000 0.759371 0.000000 0.650658 0.500000 0.500000 0.500000
2220.368164 0.000000 3019.924072 0.000000 0.726062 0.000000 0.687629 0.500000 0.500000 0.500000
2229.847168 0.000000 3023.046631 0.000000 0.747394 0.000000 0.664382 0.500000 0.500000 0.500000
2214.220947 0.000000 3027.939209 0.000000 0.752121 0.000000 0.659025 0.500000 0.500000 0.500000
2204.444824 0.000000 3065.962402 0.000000 0.949373 0.000000 0.314152 0.500000 0.500000 0.500000
2194.486816 0.000000 3049.624268 0.000000 0.933967 0.000000 0.357360 0.500000 0.500000 0.500000
2220.050537 0.000000 3007.418457 0.000000 0.802083 0.000000 0.597213 0.500000 0.500000 0.500000
2202.680420 0.000000 3056.766846 0.000000 0.810010 0.000000 0.586416 0.500000 0.500000 0.500000
2552.335693 0.000000 2867.666748 0.000000 0.943318 0.000000 0.331890 0.500000 0.500000 0.500000
2509.123047 0.000000 2871.760498 0.000000 0.913491 0.000000 0.406858 0.500000 0.500000 0.500000
2529.946533 0.000000 2876.465576 0.000000 0.686898 0.000000 0.726754 0.500000 0.500000 0.500000
2547.566162 0.000000 2857.019043 0.000000 0.921686 0.000000 0.387936 0.500000 0.500000 0.500000
2515.168457 0.000000 2877.158203 0.000000 0.589046 0.000000 0.808099 0.500000 0.500000 0.500000
2524.062500 0.000000 2886.961670 0.000000 0.651178 0.000000 0.758925 0.500000 0.500000 0.500000
2536.017090 0.000000 2941.237549 0.000000 0.877993 0.000000 0.478674 0.500000 0.500000 0.500000
2538.680664 0.000000 2887.243408 0.000000 0.726046 0.000000 0.687646 0.500000 0.500000 0.500000
2512.288330 0.000000 2883.051514 0.000000 0.908637 0.000000 0.417586 0.500000 0.500000 0.500000
2513.225342 0.000000 2879.302734 0.000000 0.863084 0.000000 0.505060 0.500000 0.500000 0.500000
2533.869385 0.000000 2881.810791 0.000000 0.938979 0.000000 0.343975 0.500000 0.500000 0.500000
2326.692383 0.000000 2974.713135 0.000000 0.808357 0.000000 0.588692 0.500000 0.500000 0.500000
2348.352539 0.000000 2955.939697 0.000000 0.675204 0.000000 0.737631 0.500000 0.500000 0.500000
2322.667969 0.000000 2973.124023 0.000000 0.909811 0.000000 0.415023 0.500000 0.500000 0.500000
2325.937256 0.000000 2979.549316 0.000000 0.789704 0.000000 0.613488 0.500000 0.500000 0.500000
2349.323486 0.000000 2950.701904 0.000000 0.943803 0.000000 0.330509 0.500000 0.500000 0.500000
2366.377930 0.000000 3031.581299 0.000000 0.878887 0.000000 0.477030 0.500000 0.500000 0.500000
2369.533203 0.000000 3035.146484 0.000000 0.787620 0.000000 0.616161 0.500000 0.500000 0.500000
2531.191406 0.000000 2943.843750 0.000000 0.891288 0.000000 0.453438 0.500000 0.500000 0.500000
2533.122559 0.000000 2949.025391 0.000000 0.938815 0.000000 0.344423 0.500000 0.500000 0.500000
2552.202637 0.000000 2951.474609 0.000000 0.709249 0.000000 0.704958 0.500000 0.500000 0.500000
2554.675781 0.000000 2953.834473 0.000000 0.847076 0.000000 0.531471 0.500000 0.500000 0.500000
2535.125488 0.000000 2943.335205 0.000000 0.878916 0.000000 0.476977 0.500000 0.500000 0.500000
2520.710693 0.000000 3029.597900 0.000000 0.839223 0.000000 0.543788 0.500000 0.500000 0.500000
2528.287109 0.000000 3031.146240 0.000000 0.618115 0.000000 0.786088 0.500000 0.500000 0.500000
2526.812744 0.000000 3028.727783 0.000000 0.897139 0.000000 0.441749 0.500000 0.500000 0.500000
2535.263916 0.000000 3035.326416 0.000000 0.621787 0.000000 0.783186 0.500000 0.500000 0.500000
2535.228027 0.000000 3040.567139 0.000000 0.690411 0.000000 0.723417 0.500000 0.500000 0.500000
2530.614502 0.000000 3040.436523 0.000000 0.924170 0.000000 0.381981 0.500000 0.500000 0.500000
2794.649414 0.000000 2567.321533 0.000000 0.836163 0.000000 0.548482 0.500000 0.500000 0.500000
2797.187988 0.000000 2564.301025 0.000000 0.843869 0.000000 0.536549 0.500000 0.500000 0.500000
2782.363037 0.000000 2672.026611 0.000000 0.857677 0.000000 0.514189 0.500000 0.500000 0.500000
2634.825684 0.000000 2799.828125 0.000000 0.642771 0.000000 0.766058 0.500000 0.500000 0.500000
2746.082764 0.000000 2700.869141 0.000000 0.698454 0.000000 0.715655 0.500000 0.500000 0.500000
2687.902588 0.000000 2712.222412 0.000000 0.840956 0.000000 0.541103 0.500000 0.500000 0.500000
2737.430908 0.000000 2700.825439 0.000000 0.607642 0.000000 0.794211 0.500000 0.500000 0.500000
2802.026123 0.000000 2747.736328 0.000000 0.690228 0.000000 0.723592 0.500000 0.500000 0.500000
2810.848633 0.000000 2742.905029 0.000000 0.887012 0.000000 0.461746 0.500000 0.500000 0.500000
2806.034180 0.000000 2742.118896 0.000000 0.947272 0.000000 0.320431 0.500000 0.500000 0.500000
2816.370361 0.000000 2657.525146 0.000000 0.921909 0.000000 0.387406 0.500000 0.500000 0.500000
2861.545654 0.000000 2666.659912 0.000000 0.668184 0.000000 0.743996 0.500000 0.500000 0.500000
2815.690430 0.000000 2662.160645 0.000000 0.899448 0.000000 0.437028 0.500000 0.500000 0.500000
2857.015381 0.000000 2666.883057 0.000000 0.915610 0.000000 0.402067 0.500000 0.500000 0.500000
2852.938721 0.000000 2665.638672 0.000000 0.906448 0.000000 0.422318 0.500000 0.500000 0.500000
2880.149658 0.000000 2674.476074 0.000000 0.775171 0.000000 0.631751 0.500000 0.500000 0.500000
2884.560059 0.000000 2676.780273 0.000000 0.698348 0.000000 0.715759 0.500000 0.500000 0.500000
2883.906006 0.000000 2670.720459 0.000000 0.809905 0.000000 0.586561 0.500000 0.500000 0.500000
2887.189453 0.000000 2675.967773 0.000000 0.658783 0.000000 0.752333 0.500000 0.500000 0.500000
2836.622559 0.000000 2746.390137 0.000000 0.659671 0.000000 0.751554 0.500000 0.500000 0.500000
2874.067139 0.000000 2700.869141 0.000000 0.748732 0.000000 0.662872 0.500000 0.500000 0.500000
2826.018311 0.000000 2749.041748 0.000000 0.700140 0.000000 0.714006 0.500000 0.500000 0.500000
2896.715088 0.000000 2704.761230 0.000000 0.628958 0.000000 0.777439 0.500000 0.500000 0.500000
2904.663818 0.000000 2709.676025 0.000000 0.893183 0.000000 0.449694 0.500000 0.500000 0.500000
2909.274414 0.000000 2706.757812 0.000000 0.843868 0.000000 0.536551 0.500000 0.500000 0.500000
2879.769531 0.000000 2699.831299 0.000000 0.924612 0.000000 0.380910 0.500000 0.500000 0.500000
2827.038086 0.000000 2752.114990 0.000000 0.843920 0.000000 0.536468 0.500000 0.500000 0.500000
2837.230957 0.000000 2751.682129 0.000000 0.870464 0.000000 0.492232 0.500000 0.500000 0.500000
2815.886963 0.000000 2776.206787 0.000000 0.671347 0.000000 0.741143 0.500000 0.500000 0.500000
2829.083984 0.000000 2807.776123 0.000000 0.738991 0.000000 0.673716 0.500000 0.500000 0.500000
2826.018311 0.000000 2813.026123 0.000000 0.729655 0.000000 0.683815 0.500000 0.500000 0.500000
2829.355957 0.000000 2814.192139 0.000000 0.791416 0.000000 0.611279 0.500000 0.500000 0.500000
2571.060303 0.000000 2853.120605 0.000000 0.933980 0.000000 0.357324 0.500000 0.500000 0.500000
2573.671387 0.000000 2864.971924 0.000000 0.859067 0.000000 0.511864 0.500000 0.500000 0.500000
2564.956299 0.000000 2856.986816 0.000000 0.777478 0.000000 0.628910 0.500000 0.500000 0.500000
2568.125244 0.000000 2855.238037 0.000000 0.799860 0.000000 0.600187 0.500000 0.500000 0.500000
2560.401611 0.000000 2913.462646 0.000000 0.859258 0.000000 0.511543 0.500000 0.500000 0.500000
2793.927002 0.000000 2829.032227 0.000000 0.915675 0.000000 0.401918 0.500000 0.500000 0.500000
2562.005127 0.000000 2952.743164 0.000000 0.798015 0.000000 0.602638 0.500000 0.500000 0.500000
2562.032471 0.000000 2963.859619 0.000000 0.899251 0.000000 0.437433 0.500000 0.500000 0.500000
2590.410645 0.000000 3024.411133 0.000000 0.686172 0.000000 0.727439 0.500000 0.500000 0.500000
2674.855469 0.000000 3061.831055 0.000000 0.645777 0.000000 0.763526 0.500000 0.500000 0.500000
2666.288574 0.000000 3055.100342 0.000000 0.918474 0.000000 0.395482 0.500000 0.500000 0.500000
2662.909912 0.000000 3055.963623 0.000000 0.755990 0.000000 0.654583 0.500000 0.500000 0.500000
2676.047119 0.000000 3065.081299 0.000000 0.625230 0.000000 0.780441 0.500000 0.500000 0.500000
3256.318359 0.000000 2639.264160 0.000000 0.622673 0.000000 0.782482 0.500000 0.500000 0.500000
3116.571777 0.000000 2745.565430 0.000000 0.633734 0.000000 0.773551 0.500000 0.500000 0.500000
3153.992188 0.000000 2700.651855 0.000000 0.765589 0.000000 0.643330 0.500000 0.500000 0.500000
3135.824951 0.000000 2733.779053 0.000000 0.753609 0.000000 0.657323 0.500000 0.500000 0.500000
3149.476318 0.000000 2700.375488 0.000000 0.847490 0.000000 0.530812 0.500000 0.500000 0.500000
3147.475098 0.000000 2766.756836 0.000000 0.863036 0.000000 0.505143 0.500000 0.500000 0.500000
3231.839355 0.000000 2717.694092 0.000000 0.640459 0.000000 0.767992 0.500000 0.500000 0.500000
2204.101562 0.000000 3078.914795 0.000000 0.900436 0.000000 0.434989 0.500000 0.500000 0.500000
2199.405518 0.000000 3121.665527 0.000000 0.729717 0.000000 0.683749 0.500000 0.500000 0.500000
2193.815918 0.000000 3123.694092 0.000000 0.791462 0.000000 0.611219 0.500000 0.500000 0.500000
2218.941895 0.000000 3093.029785 0.000000 0.872069 0.000000 0.489383 0.500000 0.500000 0.500000
2189.718262 0.000000 3120.909424 0.000000 0.933301 0.000000 0.359095 0.500000 0.500000 0.500000
2216.893311 0.000000 3101.404785 0.000000 0.662625 0.000000 0.748951 0.500000 0.500000 0.500000
2203.063232 0.000000 3083.142578 0.000000 0.850285 0.000000 0.526322 0.500000 0.500000 0.500000
2195.859131 0.000000 3127.715820 0.000000 0.943397 0.000000 0.331666 0.500000 0.500000 0.500000
2241.702637 0.000000 3114.261475 0.000000 0.935894 0.000000 0.352282 0.500000 0.500000 0.500000
2317.702637 0.000000 3184.893799 0.000000 0.873339 0.000000 0.487112 0.500000 0.500000 0.500000
2314.864746 0.000000 3183.734375 0.000000 0.881468 0.000000 0.472243 0.500000 0.500000 0.500000
2313.311035 0.000000 3180.633545 0.000000 0.917867 0.000000 0.396887 0.500000 0.500000 0.500000
2396.379395 0.000000 3187.644043 0.000000 0.852290 0.000000 0.523070 0.500000 0.500000 0.500000
2389.929443 0.000000 3171.502441 0.000000 0.868248 0.000000 0.496130 0.500000 0.500000 0.500000
2390.793457 0.000000 3182.708008 0.000000 0.740112 0.000000 0.672484 0.500000 0.500000 0.500000
2504.956299 0.000000 3190.061035 0.000000 0.882445 0.000000 0.470416 0.500000 0.500000 0.500000
2553.215332 0.000000 3197.568848 0.000000 0.747560 0.000000 0.664194 0.500000 0.500000 0.500000
2504.601318 0.000000 3193.881104 0.000000 0.745874 0.000000 0.666087 0.500000 0.500000 0.500000
2502.948486 0.000000 3196.531006 0.000000 0.809289 0.000000 0.587410 0.500000 0.500000 0.500000
2329.177246 0.000000 3200.881348 0.000000 0.769021 0.000000 0.639224 0.500000 0.500000 0.500000
2477.592529 0.000000 3242.519287 0.000000 0.686446 0.000000 0.727180 0.500000 0.500000 0.500000
2484.376709 0.000000 3245.538086 0.000000 0.705482 0.000000 0.708728 0.500000 0.500000 0.500000
2493.350586 0.000000 3200.025391 0.000000 0.783789 0.000000 0.621027 0.500000 0.500000 0.500000
2487.991455 0.000000 3242.976807 0.000000 0.639548 0.000000 0.768751 0.500000 0.500000 0.500000
2490.080811 0.000000 3201.187012 0.000000 0.709346 0.000000 0.704860 0.500000 0.500000 0.500000
2491.144043 0.000000 3237.839355 0.000000 0.836473 0.000000 0.548008 0.500000 0.500000 0.500000
2440.844238 0.000000 3212.310791 0.000000 0.796928 0.000000 0.604075 0.500000 0.500000 0.500000
2484.947021 0.000000 3243.072021 0.000000 0.928603 0.000000 0.371074 0.500000 0.500000 0.500000
2503.862549 0.000000 3228.543213 0.000000 0.928470 0.000000 0.371407 0.500000 0.500000 0.500000
2503.779297 0.000000 3200.556641 0.000000 0.925093 0.000000 0.379741 0.500000 0.500000 0.500000
2586.657227 0.000000 3113.055420 0.000000 0.712810 0.000000 0.701357 0.500000 0.500000 0.500000
2571.545410 0.000000 3086.678711 0.000000 0.686555 0.000000 0.727078 0.500000 0.500000 0.500000
2581.190186 0.000000 3097.514160 0.000000 0.762235 0.000000 0.647300 0.500000 0.500000 0.500000
2583.002197 0.000000 3099.784912 0.000000 0.884558 0.000000 0.466429 0.500000 0.500000 0.500000
2568.828613 0.000000 3084.342041 0.000000 0.748669 0.000000 0.662944 0.500000 0.500000 0.500000
2579.312988 0.000000 3173.453613 0.000000 0.618679 0.000000 0.785644 0.500000 0.500000 0.500000
2571.791016 0.000000 3204.824951 0.000000 0.830770 0.000000 0.556615 0.500000 0.500000 0.500000
"}
object={
	name="rock_hardened_lava_01_generator_2"
	render_pass=Map
	clamp_to_water_level=no
	generated_content=yes
	layer="grass_layer"
	pdxmesh="rock_hardened_lava_01_c_mesh"
	count=206
	transform="2042.942139 0.000000 2678.920654 0.000000 0.996960 0.000000 -0.077916 0.500000 0.500000 0.500000
2044.649414 0.000000 2671.683105 0.000000 0.997499 0.000000 -0.070682 0.500000 0.500000 0.500000
2042.312378 0.000000 2681.787598 0.000000 0.986611 0.000000 0.163091 0.500000 0.500000 0.500000
2047.377441 0.000000 2667.069092 0.000000 0.987872 0.000000 0.155270 0.500000 0.500000 0.500000
2034.977295 0.000000 2690.792969 0.000000 0.997358 0.000000 0.072638 0.500000 0.500000 0.500000
2033.906250 0.000000 2695.273193 0.000000 0.982370 0.000000 0.186945 0.500000 0.500000 0.500000
2739.368896 0.000000 2532.225098 0.000000 0.991151 0.000000 -0.132736 0.500000 0.500000 0.500000
2741.661133 0.000000 2557.456787 0.000000 0.966874 0.000000 -0.255253 0.500000 0.500000 0.500000
2741.306641 0.000000 2534.643311 0.000000 0.983433 0.000000 0.181269 0.500000 0.500000 0.500000
2741.660645 0.000000 2532.395264 0.000000 0.976087 0.000000 -0.217380 0.500000 0.500000 0.500000
2763.036865 0.000000 2533.198730 0.000000 0.999318 0.000000 -0.036936 0.500000 0.500000 0.500000
2793.205811 0.000000 2511.802734 0.000000 0.987575 0.000000 0.157148 0.500000 0.500000 0.500000
2801.363770 0.000000 2523.774170 0.000000 0.980696 0.000000 0.195540 0.500000 0.500000 0.500000
2809.767090 0.000000 2513.182129 0.000000 0.970510 0.000000 0.241060 0.500000 0.500000 0.500000
2785.409180 0.000000 2542.343750 0.000000 0.999966 0.000000 -0.008242 0.500000 0.500000 0.500000
2800.183594 0.000000 2525.966797 0.000000 0.999502 0.000000 -0.031565 0.500000 0.500000 0.500000
2762.269775 0.000000 2535.165039 0.000000 0.998476 0.000000 -0.055185 0.500000 0.500000 0.500000
2048.250977 0.000000 2674.476074 0.000000 0.992521 0.000000 -0.122077 0.500000 0.500000 0.500000
2049.050049 0.000000 2679.905273 0.000000 0.960085 0.000000 -0.279707 0.500000 0.500000 0.500000
2076.254395 0.000000 2750.317139 0.000000 0.999604 0.000000 -0.028129 0.500000 0.500000 0.500000
2090.358643 0.000000 2799.162842 0.000000 0.993988 0.000000 -0.109485 0.500000 0.500000 0.500000
2053.111084 0.000000 2775.654541 0.000000 0.999816 0.000000 -0.019183 0.500000 0.500000 0.500000
2061.348145 0.000000 2772.111572 0.000000 0.997294 0.000000 -0.073511 0.500000 0.500000 0.500000
2053.738037 0.000000 2762.500244 0.000000 0.972771 0.000000 -0.231770 0.500000 0.500000 0.500000
2051.031006 0.000000 2757.199463 0.000000 0.972035 0.000000 0.234836 0.500000 0.500000 0.500000
2053.637939 0.000000 2759.223389 0.000000 0.998904 0.000000 -0.046801 0.500000 0.500000 0.500000
2093.045166 0.000000 2800.766602 0.000000 0.995050 0.000000 -0.099379 0.500000 0.500000 0.500000
2058.967285 0.000000 2773.585449 0.000000 0.984881 0.000000 -0.173232 0.500000 0.500000 0.500000
2154.727539 0.000000 2823.259033 0.000000 0.959180 0.000000 0.282798 0.500000 0.500000 0.500000
2159.595459 0.000000 2824.186768 0.000000 0.989401 0.000000 -0.145208 0.500000 0.500000 0.500000
2117.010986 0.000000 2856.986816 0.000000 0.993142 0.000000 -0.116914 0.500000 0.500000 0.500000
2160.799072 0.000000 2821.064453 0.000000 0.993304 0.000000 -0.115531 0.500000 0.500000 0.500000
2111.339111 0.000000 2926.147217 0.000000 0.999310 0.000000 0.037154 0.500000 0.500000 0.500000
2111.369629 0.000000 2923.006592 0.000000 0.994247 0.000000 0.107107 0.500000 0.500000 0.500000
2138.711914 0.000000 2921.102295 0.000000 0.999971 0.000000 -0.007616 0.500000 0.500000 0.500000
2125.169922 0.000000 2935.744873 0.000000 0.988203 0.000000 0.153151 0.500000 0.500000 0.500000
2125.363525 0.000000 2939.316895 0.000000 0.954118 0.000000 0.299432 0.500000 0.500000 0.500000
2250.088623 0.000000 2940.994873 0.000000 0.956682 0.000000 0.291133 0.500000 0.500000 0.500000
2131.516113 0.000000 2991.619141 0.000000 0.975784 0.000000 -0.218737 0.500000 0.500000 0.500000
2138.688232 0.000000 2992.782471 0.000000 0.999990 0.000000 0.004387 0.500000 0.500000 0.500000
2208.874268 0.000000 3001.687256 0.000000 0.986599 0.000000 -0.163166 0.500000 0.500000 0.500000
2268.499268 0.000000 2958.592041 0.000000 0.983848 0.000000 -0.179004 0.500000 0.500000 0.500000
2270.803955 0.000000 2954.693604 0.000000 0.999932 0.000000 0.011676 0.500000 0.500000 0.500000
2177.710449 0.000000 3050.277100 0.000000 0.993868 0.000000 -0.110574 0.500000 0.500000 0.500000
2192.175537 0.000000 3052.623779 0.000000 0.993039 0.000000 -0.117783 0.500000 0.500000 0.500000
2223.284668 0.000000 3008.693848 0.000000 0.953625 0.000000 0.300997 0.500000 0.500000 0.500000
2175.768555 0.000000 3046.066895 0.000000 0.968716 0.000000 -0.248172 0.500000 0.500000 0.500000
2195.508301 0.000000 3055.603516 0.000000 0.969016 0.000000 -0.246998 0.500000 0.500000 0.500000
2179.903320 0.000000 3008.519287 0.000000 0.996334 0.000000 -0.085552 0.500000 0.500000 0.500000
2220.275635 0.000000 3070.031006 0.000000 0.954327 0.000000 0.298763 0.500000 0.500000 0.500000
2176.266357 0.000000 3007.415527 0.000000 0.996368 0.000000 0.085156 0.500000 0.500000 0.500000
2228.339355 0.000000 3020.545166 0.000000 0.984046 0.000000 0.177912 0.500000 0.500000 0.500000
2221.580811 0.000000 3027.824219 0.000000 0.981003 0.000000 0.193994 0.500000 0.500000 0.500000
2216.912109 0.000000 3027.207764 0.000000 0.993503 0.000000 -0.113810 0.500000 0.500000 0.500000
2224.122314 0.000000 3026.583252 0.000000 0.962823 0.000000 -0.270132 0.500000 0.500000 0.500000
2345.412109 0.000000 2934.856934 0.000000 0.984664 0.000000 0.174463 0.500000 0.500000 0.500000
2507.553223 0.000000 2830.741211 0.000000 0.965799 0.000000 0.259293 0.500000 0.500000 0.500000
2543.938232 0.000000 2863.511475 0.000000 0.997356 0.000000 0.072674 0.500000 0.500000 0.500000
2514.070312 0.000000 2828.620605 0.000000 0.983041 0.000000 -0.183386 0.500000 0.500000 0.500000
2545.124268 0.000000 2859.818115 0.000000 0.997782 0.000000 -0.066562 0.500000 0.500000 0.500000
2508.181396 0.000000 2824.179932 0.000000 0.972212 0.000000 0.234104 0.500000 0.500000 0.500000
2507.077148 0.000000 2880.083740 0.000000 0.956598 0.000000 0.291411 0.500000 0.500000 0.500000
2531.191406 0.000000 2879.859375 0.000000 0.993920 0.000000 -0.110105 0.500000 0.500000 0.500000
2556.153076 0.000000 2923.106445 0.000000 0.977827 0.000000 0.209415 0.500000 0.500000 0.500000
2552.389648 0.000000 2918.893066 0.000000 0.999227 0.000000 -0.039305 0.500000 0.500000 0.500000
2533.122559 0.000000 2885.041016 0.000000 0.990279 0.000000 0.139098 0.500000 0.500000 0.500000
2528.390625 0.000000 2885.342041 0.000000 0.997988 0.000000 -0.063407 0.500000 0.500000 0.500000
2558.005859 0.000000 2919.442139 0.000000 0.998919 0.000000 0.046485 0.500000 0.500000 0.500000
2528.270996 0.000000 2881.102295 0.000000 0.978972 0.000000 -0.203996 0.500000 0.500000 0.500000
2537.619873 0.000000 2943.228027 0.000000 0.997405 0.000000 0.072000 0.500000 0.500000 0.500000
2352.775635 0.000000 2949.033203 0.000000 0.984215 0.000000 -0.176977 0.500000 0.500000 0.500000
2341.308350 0.000000 2957.013672 0.000000 0.999934 0.000000 -0.011516 0.500000 0.500000 0.500000
2339.870605 0.000000 2962.638916 0.000000 0.981033 0.000000 0.193839 0.500000 0.500000 0.500000
2338.536621 0.000000 2957.278564 0.000000 0.999918 0.000000 -0.012784 0.500000 0.500000 0.500000
2343.692383 0.000000 2957.767334 0.000000 0.999378 0.000000 -0.035273 0.500000 0.500000 0.500000
2362.076660 0.000000 3030.206299 0.000000 0.993467 0.000000 -0.114118 0.500000 0.500000 0.500000
2370.473633 0.000000 3036.807861 0.000000 0.993779 0.000000 0.111371 0.500000 0.500000 0.500000
2381.738770 0.000000 3050.646973 0.000000 0.981501 0.000000 -0.191460 0.500000 0.500000 0.500000
2550.748779 0.000000 2944.033447 0.000000 0.960680 0.000000 0.277658 0.500000 0.500000 0.500000
2515.320801 0.000000 2981.500488 0.000000 0.999787 0.000000 0.020640 0.500000 0.500000 0.500000
2555.359863 0.000000 2949.658691 0.000000 0.976427 0.000000 -0.215849 0.500000 0.500000 0.500000
2517.760254 0.000000 2987.904053 0.000000 0.959406 0.000000 -0.282027 0.500000 0.500000 0.500000
2551.600342 0.000000 2947.835449 0.000000 0.996836 0.000000 0.079488 0.500000 0.500000 0.500000
2539.638184 0.000000 2945.991455 0.000000 0.991214 0.000000 -0.132268 0.500000 0.500000 0.500000
2556.309326 0.000000 2955.725342 0.000000 0.995054 0.000000 0.099331 0.500000 0.500000 0.500000
2526.629150 0.000000 3035.524902 0.000000 0.985323 0.000000 0.170699 0.500000 0.500000 0.500000
2535.623291 0.000000 3032.849365 0.000000 0.988697 0.000000 -0.149930 0.500000 0.500000 0.500000
2529.703857 0.000000 3036.432617 0.000000 0.996164 0.000000 -0.087506 0.500000 0.500000 0.500000
2531.235596 0.000000 3038.509277 0.000000 0.977251 0.000000 0.212085 0.500000 0.500000 0.500000
2526.418457 0.000000 3024.411133 0.000000 0.997787 0.000000 -0.066497 0.500000 0.500000 0.500000
2529.444824 0.000000 3030.300293 0.000000 0.985678 0.000000 0.168639 0.500000 0.500000 0.500000
2745.199219 0.000000 2565.701172 0.000000 0.988375 0.000000 -0.152039 0.500000 0.500000 0.500000
2784.326660 0.000000 2574.778564 0.000000 0.955504 0.000000 -0.294979 0.500000 0.500000 0.500000
2782.979004 0.000000 2679.293213 0.000000 0.995861 0.000000 -0.090891 0.500000 0.500000 0.500000
2777.917480 0.000000 2669.744873 0.000000 0.980394 0.000000 -0.197049 0.500000 0.500000 0.500000
2806.894775 0.000000 2647.140625 0.000000 0.997579 0.000000 0.069544 0.500000 0.500000 0.500000
2682.037598 0.000000 2710.284424 0.000000 0.999999 0.000000 -0.001595 0.500000 0.500000 0.500000
2682.660156 0.000000 2697.896973 0.000000 0.983799 0.000000 -0.179273 0.500000 0.500000 0.500000
2640.120850 0.000000 2796.686279 0.000000 0.962627 0.000000 0.270832 0.500000 0.500000 0.500000
2635.738281 0.000000 2796.982178 0.000000 0.978693 0.000000 -0.205330 0.500000 0.500000 0.500000
2724.876953 0.000000 2733.261475 0.000000 0.990185 0.000000 0.139764 0.500000 0.500000 0.500000
2689.989502 0.000000 2696.805664 0.000000 0.980589 0.000000 -0.196072 0.500000 0.500000 0.500000
2693.659912 0.000000 2698.515869 0.000000 0.968929 0.000000 0.247341 0.500000 0.500000 0.500000
2723.823975 0.000000 2736.318115 0.000000 1.000000 0.000000 -0.000596 0.500000 0.500000 0.500000
2740.276855 0.000000 2700.623291 0.000000 0.997617 0.000000 -0.068998 0.500000 0.500000 0.500000
2808.304443 0.000000 2739.697998 0.000000 0.981783 0.000000 -0.190006 0.500000 0.500000 0.500000
2802.839844 0.000000 2741.909180 0.000000 0.992467 0.000000 -0.122516 0.500000 0.500000 0.500000
2804.031494 0.000000 2745.159424 0.000000 0.971637 0.000000 -0.236477 0.500000 0.500000 0.500000
2813.678467 0.000000 2761.595947 0.000000 0.967217 0.000000 0.253951 0.500000 0.500000 0.500000
2814.323242 0.000000 2775.643799 0.000000 0.960411 0.000000 0.278589 0.500000 0.500000 0.500000
2854.886475 0.000000 2672.057373 0.000000 0.972121 0.000000 -0.234479 0.500000 0.500000 0.500000
2855.965332 0.000000 2669.472412 0.000000 0.976678 0.000000 0.214711 0.500000 0.500000 0.500000
2885.210205 0.000000 2681.915283 0.000000 0.995698 0.000000 0.092658 0.500000 0.500000 0.500000
2893.076172 0.000000 2679.807373 0.000000 0.998507 0.000000 -0.054630 0.500000 0.500000 0.500000
2888.909424 0.000000 2678.186035 0.000000 0.955858 0.000000 0.293828 0.500000 0.500000 0.500000
2833.032959 0.000000 2744.659912 0.000000 0.981697 0.000000 -0.190451 0.500000 0.500000 0.500000
2835.129395 0.000000 2749.189453 0.000000 0.971532 0.000000 -0.236907 0.500000 0.500000 0.500000
2904.933838 0.000000 2705.296143 0.000000 0.985148 0.000000 0.171709 0.500000 0.500000 0.500000
2885.536377 0.000000 2695.239014 0.000000 0.992097 0.000000 0.125474 0.500000 0.500000 0.500000
2817.973877 0.000000 2760.790039 0.000000 0.999228 0.000000 -0.039291 0.500000 0.500000 0.500000
2828.164795 0.000000 2804.217529 0.000000 0.979865 0.000000 -0.199663 0.500000 0.500000 0.500000
2815.681152 0.000000 2758.011963 0.000000 0.998178 0.000000 -0.060336 0.500000 0.500000 0.500000
2561.663574 0.000000 2858.323975 0.000000 0.986086 0.000000 0.166234 0.500000 0.500000 0.500000
2564.940430 0.000000 2853.344727 0.000000 0.965235 0.000000 -0.261384 0.500000 0.500000 0.500000
2564.940430 0.000000 2917.329102 0.000000 0.999998 0.000000 0.001963 0.500000 0.500000 0.500000
2634.851562 0.000000 2904.367920 0.000000 0.996822 0.000000 0.079666 0.500000 0.500000 0.500000
2637.278076 0.000000 2900.080322 0.000000 0.954503 0.000000 -0.298202 0.500000 0.500000 0.500000
2632.287354 0.000000 2902.605225 0.000000 0.970524 0.000000 -0.241005 0.500000 0.500000 0.500000
2794.649414 0.000000 2823.259033 0.000000 0.956593 0.000000 -0.291428 0.500000 0.500000 0.500000
2798.237061 0.000000 2832.643311 0.000000 0.957880 0.000000 -0.287170 0.500000 0.500000 0.500000
2568.834961 0.000000 2960.479248 0.000000 0.993232 0.000000 0.116150 0.500000 0.500000 0.500000
2588.460205 0.000000 3022.576416 0.000000 0.999539 0.000000 0.030354 0.500000 0.500000 0.500000
2589.313477 0.000000 3026.679688 0.000000 0.999685 0.000000 0.025098 0.500000 0.500000 0.500000
2592.350098 0.000000 3022.669189 0.000000 0.974374 0.000000 0.224935 0.500000 0.500000 0.500000
2593.570801 0.000000 3025.300293 0.000000 0.976875 0.000000 0.213813 0.500000 0.500000 0.500000
2679.333984 0.000000 3065.016113 0.000000 0.997473 0.000000 -0.071048 0.500000 0.500000 0.500000
2643.228271 0.000000 3041.392822 0.000000 0.976167 0.000000 -0.217023 0.500000 0.500000 0.500000
2663.988770 0.000000 3053.378662 0.000000 0.997208 0.000000 0.074673 0.500000 0.500000 0.500000
2837.901611 0.000000 2838.514160 0.000000 0.952567 0.000000 -0.304330 0.500000 0.500000 0.500000
3258.020264 0.000000 2636.884766 0.000000 0.985832 0.000000 -0.167735 0.500000 0.500000 0.500000
3261.039307 0.000000 2644.183105 0.000000 0.953595 0.000000 -0.301091 0.500000 0.500000 0.500000
3123.322021 0.000000 2724.178223 0.000000 0.980384 0.000000 -0.197097 0.500000 0.500000 0.500000
3137.593262 0.000000 2730.355225 0.000000 0.970090 0.000000 0.242747 0.500000 0.500000 0.500000
3151.989990 0.000000 2749.485107 0.000000 0.993131 0.000000 0.117007 0.500000 0.500000 0.500000
3157.387939 0.000000 2741.689941 0.000000 0.987399 0.000000 0.158248 0.500000 0.500000 0.500000
3149.238525 0.000000 2747.363770 0.000000 0.960827 0.000000 0.277149 0.500000 0.500000 0.500000
3150.773193 0.000000 2701.973145 0.000000 0.988060 0.000000 0.154069 0.500000 0.500000 0.500000
3168.312500 0.000000 2757.373291 0.000000 0.989424 0.000000 -0.145052 0.500000 0.500000 0.500000
3144.764648 0.000000 2768.526123 0.000000 0.967759 0.000000 -0.251878 0.500000 0.500000 0.500000
3179.214355 0.000000 2781.976074 0.000000 0.999830 0.000000 -0.018441 0.500000 0.500000 0.500000
3224.624756 0.000000 2709.676025 0.000000 0.958862 0.000000 0.283873 0.500000 0.500000 0.500000
3229.179443 0.000000 2710.977051 0.000000 0.969838 0.000000 -0.243749 0.500000 0.500000 0.500000
3232.201172 0.000000 2711.224365 0.000000 0.958689 0.000000 -0.284457 0.500000 0.500000 0.500000
3230.002197 0.000000 2718.664307 0.000000 0.989877 0.000000 0.141928 0.500000 0.500000 0.500000
3228.317139 0.000000 2713.644775 0.000000 0.997605 0.000000 0.069165 0.500000 0.500000 0.500000
3230.463379 0.000000 2712.901123 0.000000 0.988316 0.000000 -0.152420 0.500000 0.500000 0.500000
3226.378174 0.000000 2716.716064 0.000000 0.987233 0.000000 -0.159281 0.500000 0.500000 0.500000
3228.416504 0.000000 2718.434814 0.000000 0.970677 0.000000 -0.240386 0.500000 0.500000 0.500000
3228.683838 0.000000 2710.070312 0.000000 0.984427 0.000000 0.175793 0.500000 0.500000 0.500000
3352.423584 0.000000 2848.983643 0.000000 0.956360 0.000000 0.292192 0.500000 0.500000 0.500000
3365.101074 0.000000 2850.808105 0.000000 0.992681 0.000000 -0.120767 0.500000 0.500000 0.500000
2218.719727 0.000000 3079.196533 0.000000 0.977706 0.000000 -0.209980 0.500000 0.500000 0.500000
2221.872314 0.000000 3101.536377 0.000000 0.999982 0.000000 -0.005988 0.500000 0.500000 0.500000
2217.169434 0.000000 3073.321289 0.000000 0.977504 0.000000 -0.210919 0.500000 0.500000 0.500000
2200.023926 0.000000 3081.173584 0.000000 0.978925 0.000000 -0.204222 0.500000 0.500000 0.500000
2193.111084 0.000000 3128.566162 0.000000 0.998405 0.000000 0.056467 0.500000 0.500000 0.500000
2220.050537 0.000000 3071.402832 0.000000 0.999260 0.000000 -0.038472 0.500000 0.500000 0.500000
2218.641357 0.000000 3095.866943 0.000000 0.987262 0.000000 0.159105 0.500000 0.500000 0.500000
2240.227783 0.000000 3122.366699 0.000000 0.996214 0.000000 -0.086930 0.500000 0.500000 0.500000
2324.685059 0.000000 3194.280762 0.000000 0.999090 0.000000 0.042658 0.500000 0.500000 0.500000
2335.922363 0.000000 3198.983643 0.000000 0.998530 0.000000 0.054193 0.500000 0.500000 0.500000
2421.230469 0.000000 3165.457275 0.000000 0.998434 0.000000 -0.055945 0.500000 0.500000 0.500000
2420.162598 0.000000 3160.336914 0.000000 0.965744 0.000000 0.259495 0.500000 0.500000 0.500000
2389.213623 0.000000 3161.498535 0.000000 0.999833 0.000000 0.018281 0.500000 0.500000 0.500000
2387.259521 0.000000 3169.361572 0.000000 0.998473 0.000000 -0.055241 0.500000 0.500000 0.500000
2416.251465 0.000000 3160.390869 0.000000 0.982859 0.000000 -0.184358 0.500000 0.500000 0.500000
2419.911621 0.000000 3162.931641 0.000000 0.975789 0.000000 -0.218716 0.500000 0.500000 0.500000
2439.870361 0.000000 3164.558838 0.000000 0.960476 0.000000 -0.278364 0.500000 0.500000 0.500000
2434.465820 0.000000 3164.776611 0.000000 0.997398 0.000000 -0.072093 0.500000 0.500000 0.500000
2436.120117 0.000000 3168.251465 0.000000 0.993053 0.000000 -0.117667 0.500000 0.500000 0.500000
2556.246582 0.000000 3195.955078 0.000000 0.992930 0.000000 -0.118704 0.500000 0.500000 0.500000
2506.057373 0.000000 3196.932373 0.000000 0.985674 0.000000 0.168660 0.500000 0.500000 0.500000
2549.684570 0.000000 3197.300537 0.000000 0.980363 0.000000 -0.197202 0.500000 0.500000 0.500000
2486.756592 0.000000 3199.970947 0.000000 0.997004 0.000000 -0.077344 0.500000 0.500000 0.500000
2483.400146 0.000000 3236.053223 0.000000 0.998724 0.000000 0.050494 0.500000 0.500000 0.500000
2488.397461 0.000000 3238.814941 0.000000 0.993679 0.000000 -0.112261 0.500000 0.500000 0.500000
2438.527832 0.000000 3214.122314 0.000000 0.994147 0.000000 0.108032 0.500000 0.500000 0.500000
2493.717529 0.000000 3209.486572 0.000000 0.963567 0.000000 0.267468 0.500000 0.500000 0.500000
2494.013672 0.000000 3239.364014 0.000000 0.959418 0.000000 0.281988 0.500000 0.500000 0.500000
2487.608154 0.000000 3203.772949 0.000000 0.994716 0.000000 0.102663 0.500000 0.500000 0.500000
2488.210449 0.000000 3207.412109 0.000000 0.976377 0.000000 -0.216074 0.500000 0.500000 0.500000
2557.342773 0.000000 3200.025391 0.000000 0.993142 0.000000 -0.116912 0.500000 0.500000 0.500000
2506.867188 0.000000 3224.289795 0.000000 0.986815 0.000000 0.161850 0.500000 0.500000 0.500000
2495.729492 0.000000 3238.020020 0.000000 0.994720 0.000000 0.102627 0.500000 0.500000 0.500000
2499.864258 0.000000 3200.472412 0.000000 0.966302 0.000000 0.257410 0.500000 0.500000 0.500000
2547.636230 0.000000 3199.655518 0.000000 0.983842 0.000000 0.179037 0.500000 0.500000 0.500000
2567.854736 0.000000 3100.574463 0.000000 0.989282 0.000000 0.146020 0.500000 0.500000 0.500000
2589.257568 0.000000 3094.883301 0.000000 0.974818 0.000000 0.223002 0.500000 0.500000 0.500000
2585.940918 0.000000 3117.635498 0.000000 0.964838 0.000000 -0.262844 0.500000 0.500000 0.500000
2582.696777 0.000000 3111.789307 0.000000 0.966810 0.000000 -0.255496 0.500000 0.500000 0.500000
2581.906006 0.000000 3107.518066 0.000000 0.990362 0.000000 -0.138500 0.500000 0.500000 0.500000
2585.213623 0.000000 3110.731201 0.000000 0.984716 0.000000 0.174166 0.500000 0.500000 0.500000
2570.049561 0.000000 3196.932373 0.000000 0.957709 0.000000 -0.287738 0.500000 0.500000 0.500000
2565.265381 0.000000 3199.172119 0.000000 0.977300 0.000000 -0.211859 0.500000 0.500000 0.500000
2585.940918 0.000000 3181.619873 0.000000 0.999328 0.000000 -0.036663 0.500000 0.500000 0.500000
2569.349365 0.000000 3203.199219 0.000000 0.995439 0.000000 -0.095396 0.500000 0.500000 0.500000
"}
object={
	name="rock_hardened_lava_01_generator_3"
	render_pass=Map
	clamp_to_water_level=no
	generated_content=yes
	layer="grass_layer"
	pdxmesh="rock_hardened_lava_01_d_mesh"
	count=197
	transform="2044.215454 0.000000 2667.168945 0.000000 0.671228 0.000000 -0.741251 0.500000 0.500000 0.500000
2026.743042 0.000000 2695.290283 0.000000 0.848914 0.000000 -0.528532 0.500000 0.500000 0.500000
2032.814697 0.000000 2693.095703 0.000000 0.662221 0.000000 -0.749309 0.500000 0.500000 0.500000
2749.687744 0.000000 2525.291992 0.000000 0.763658 0.000000 -0.645621 0.500000 0.500000 0.500000
2740.039307 0.000000 2553.206299 0.000000 0.819475 0.000000 -0.573115 0.500000 0.500000 0.500000
2740.383057 0.000000 2555.472168 0.000000 0.932660 0.000000 -0.360756 0.500000 0.500000 0.500000
2788.869141 0.000000 2541.308350 0.000000 0.907534 0.000000 -0.419978 0.500000 0.500000 0.500000
2803.534912 0.000000 2537.097168 0.000000 0.781534 0.000000 -0.623862 0.500000 0.500000 0.500000
2760.101807 0.000000 2535.316162 0.000000 0.805696 0.000000 -0.592330 0.500000 0.500000 0.500000
2786.571777 0.000000 2551.087402 0.000000 0.777222 0.000000 -0.629226 0.500000 0.500000 0.500000
2805.298828 0.000000 2534.643311 0.000000 0.596715 0.000000 -0.802454 0.500000 0.500000 0.500000
2789.102539 0.000000 2550.169189 0.000000 0.851698 0.000000 -0.524033 0.500000 0.500000 0.500000
2816.370361 0.000000 2529.556396 0.000000 0.834383 0.000000 -0.551185 0.500000 0.500000 0.500000
2820.073242 0.000000 2528.407715 0.000000 0.629346 0.000000 -0.777125 0.500000 0.500000 0.500000
2049.384277 0.000000 2677.079102 0.000000 0.751912 0.000000 -0.659263 0.500000 0.500000 0.500000
2082.000977 0.000000 2748.496826 0.000000 0.618569 0.000000 -0.785730 0.500000 0.500000 0.500000
2083.245850 0.000000 2751.890625 0.000000 0.626135 0.000000 -0.779715 0.500000 0.500000 0.500000
2152.063965 0.000000 2813.268799 0.000000 0.714249 0.000000 -0.699891 0.500000 0.500000 0.500000
2107.019531 0.000000 2841.905518 0.000000 0.803632 0.000000 -0.595127 0.500000 0.500000 0.500000
2109.179932 0.000000 2836.136230 0.000000 0.668128 0.000000 -0.744047 0.500000 0.500000 0.500000
2147.238281 0.000000 2815.875000 0.000000 0.915485 0.000000 -0.402352 0.500000 0.500000 0.500000
2156.375977 0.000000 2827.970947 0.000000 0.593466 0.000000 -0.804859 0.500000 0.500000 0.500000
2151.172363 0.000000 2815.366455 0.000000 0.714127 0.000000 -0.700016 0.500000 0.500000 0.500000
2108.207764 0.000000 2923.106445 0.000000 0.802065 0.000000 -0.597237 0.500000 0.500000 0.500000
2132.708496 0.000000 2938.343262 0.000000 0.859040 0.000000 -0.511908 0.500000 0.500000 0.500000
2140.410645 0.000000 2931.706543 0.000000 0.643616 0.000000 -0.765349 0.500000 0.500000 0.500000
2136.938477 0.000000 2939.381592 0.000000 0.715372 0.000000 -0.698743 0.500000 0.500000 0.500000
2111.949951 0.000000 2925.732178 0.000000 0.788773 0.000000 -0.614685 0.500000 0.500000 0.500000
2141.837891 0.000000 2918.869385 0.000000 0.889298 0.000000 -0.457329 0.500000 0.500000 0.500000
2133.316895 0.000000 2943.635254 0.000000 0.871810 0.000000 -0.489844 0.500000 0.500000 0.500000
2137.252930 0.000000 2973.750244 0.000000 0.833672 0.000000 -0.552260 0.500000 0.500000 0.500000
2171.406738 0.000000 3013.643066 0.000000 0.756535 0.000000 -0.653953 0.500000 0.500000 0.500000
2207.049316 0.000000 2999.215088 0.000000 0.909980 0.000000 -0.414651 0.500000 0.500000 0.500000
2175.836670 0.000000 3004.352783 0.000000 0.946484 0.000000 -0.322752 0.500000 0.500000 0.500000
2177.034668 0.000000 2999.827148 0.000000 0.761027 0.000000 -0.648720 0.500000 0.500000 0.500000
2272.389160 0.000000 2958.684814 0.000000 0.817708 0.000000 -0.575634 0.500000 0.500000 0.500000
2216.056152 0.000000 3069.206299 0.000000 0.589582 0.000000 -0.807709 0.500000 0.500000 0.500000
2222.307373 0.000000 3024.596436 0.000000 0.912916 0.000000 -0.408148 0.500000 0.500000 0.500000
2225.340820 0.000000 3023.563232 0.000000 0.859174 0.000000 -0.511684 0.500000 0.500000 0.500000
2204.009277 0.000000 3062.285889 0.000000 0.915267 0.000000 -0.402848 0.500000 0.500000 0.500000
2349.362305 0.000000 2931.752197 0.000000 0.777861 0.000000 -0.628436 0.500000 0.500000 0.500000
2342.670898 0.000000 2931.685303 0.000000 0.742960 0.000000 -0.669336 0.500000 0.500000 0.500000
2541.338867 0.000000 2867.767822 0.000000 0.867468 0.000000 -0.497494 0.500000 0.500000 0.500000
2548.368896 0.000000 2861.631836 0.000000 0.773983 0.000000 -0.633206 0.500000 0.500000 0.500000
2524.199707 0.000000 2878.285889 0.000000 0.757016 0.000000 -0.653396 0.500000 0.500000 0.500000
2518.423096 0.000000 2829.632324 0.000000 0.724510 0.000000 -0.689264 0.500000 0.500000 0.500000
2533.679443 0.000000 2872.737305 0.000000 0.868527 0.000000 -0.495642 0.500000 0.500000 0.500000
2507.798828 0.000000 2820.918701 0.000000 0.726322 0.000000 -0.687354 0.500000 0.500000 0.500000
2520.891602 0.000000 2875.397217 0.000000 0.920112 0.000000 -0.391655 0.500000 0.500000 0.500000
2543.869629 0.000000 2854.761230 0.000000 0.904528 0.000000 -0.426413 0.500000 0.500000 0.500000
2513.072021 0.000000 2872.628662 0.000000 0.622151 0.000000 -0.782897 0.500000 0.500000 0.500000
2510.851318 0.000000 2829.941895 0.000000 0.900809 0.000000 -0.434217 0.500000 0.500000 0.500000
2513.027344 0.000000 2825.602051 0.000000 0.595549 0.000000 -0.803319 0.500000 0.500000 0.500000
2517.270020 0.000000 2879.650879 0.000000 0.901379 0.000000 -0.433032 0.500000 0.500000 0.500000
2525.199951 0.000000 2881.020508 0.000000 0.902156 0.000000 -0.431410 0.500000 0.500000 0.500000
2537.130371 0.000000 2881.368164 0.000000 0.732990 0.000000 -0.680239 0.500000 0.500000 0.500000
2529.946533 0.000000 2940.449951 0.000000 0.689995 0.000000 -0.723814 0.500000 0.500000 0.500000
2533.029297 0.000000 2940.726562 0.000000 0.642945 0.000000 -0.765913 0.500000 0.500000 0.500000
2337.508057 0.000000 2964.193115 0.000000 0.752593 0.000000 -0.658486 0.500000 0.500000 0.500000
2345.260498 0.000000 2959.693359 0.000000 0.869553 0.000000 -0.493840 0.500000 0.500000 0.500000
2342.205322 0.000000 2963.954834 0.000000 0.815186 0.000000 -0.579199 0.500000 0.500000 0.500000
2348.854492 0.000000 2953.142822 0.000000 0.625329 0.000000 -0.780361 0.500000 0.500000 0.500000
2362.129639 0.000000 3020.791016 0.000000 0.947748 0.000000 -0.319020 0.500000 0.500000 0.500000
2365.148682 0.000000 3028.089355 0.000000 0.818319 0.000000 -0.574765 0.500000 0.500000 0.500000
2365.500244 0.000000 3023.731689 0.000000 0.670165 0.000000 -0.742212 0.500000 0.500000 0.500000
2365.734619 0.000000 3037.166992 0.000000 0.661599 0.000000 -0.749858 0.500000 0.500000 0.500000
2361.821777 0.000000 3025.057129 0.000000 0.765492 0.000000 -0.643446 0.500000 0.500000 0.500000
2554.106201 0.000000 2956.806641 0.000000 0.647219 0.000000 -0.762304 0.500000 0.500000 0.500000
2548.579590 0.000000 2950.584473 0.000000 0.847526 0.000000 -0.530754 0.500000 0.500000 0.500000
2533.869385 0.000000 2945.795166 0.000000 0.871850 0.000000 -0.489773 0.500000 0.500000 0.500000
2556.066650 0.000000 2951.871338 0.000000 0.882180 0.000000 -0.470913 0.500000 0.500000 0.500000
2530.790283 0.000000 3032.874756 0.000000 0.822555 0.000000 -0.568686 0.500000 0.500000 0.500000
2528.781738 0.000000 3039.524902 0.000000 0.905110 0.000000 -0.425178 0.500000 0.500000 0.500000
2532.982422 0.000000 3036.305420 0.000000 0.913920 0.000000 -0.405895 0.500000 0.500000 0.500000
2533.315918 0.000000 3030.864014 0.000000 0.799677 0.000000 -0.600430 0.500000 0.500000 0.500000
2530.907959 0.000000 3030.281494 0.000000 0.732445 0.000000 -0.680826 0.500000 0.500000 0.500000
2523.871582 0.000000 3024.844238 0.000000 0.913406 0.000000 -0.407050 0.500000 0.500000 0.500000
2531.721680 0.000000 3041.877930 0.000000 0.917014 0.000000 -0.398855 0.500000 0.500000 0.500000
2532.891113 0.000000 3038.750000 0.000000 0.830212 0.000000 -0.557447 0.500000 0.500000 0.500000
2526.828613 0.000000 3030.524658 0.000000 0.900397 0.000000 -0.435070 0.500000 0.500000 0.500000
2528.158936 0.000000 3035.920898 0.000000 0.906357 0.000000 -0.422514 0.500000 0.500000 0.500000
2529.154541 0.000000 3032.451660 0.000000 0.939328 0.000000 -0.343020 0.500000 0.500000 0.500000
2742.725342 0.000000 2560.127197 0.000000 0.905733 0.000000 -0.423848 0.500000 0.500000 0.500000
2787.953125 0.000000 2575.925049 0.000000 0.924833 0.000000 -0.380374 0.500000 0.500000 0.500000
2773.909424 0.000000 2582.576660 0.000000 0.736778 0.000000 -0.676135 0.500000 0.500000 0.500000
2711.343018 0.000000 2673.774902 0.000000 0.839545 0.000000 -0.543290 0.500000 0.500000 0.500000
2810.933838 0.000000 2649.952393 0.000000 0.627236 0.000000 -0.778829 0.500000 0.500000 0.500000
2777.368652 0.000000 2679.151123 0.000000 0.623822 0.000000 -0.781567 0.500000 0.500000 0.500000
2813.974609 0.000000 2663.504639 0.000000 0.752648 0.000000 -0.658423 0.500000 0.500000 0.500000
2773.434814 0.000000 2677.705566 0.000000 0.793903 0.000000 -0.608045 0.500000 0.500000 0.500000
2632.240967 0.000000 2801.196289 0.000000 0.701944 0.000000 -0.712233 0.500000 0.500000 0.500000
2718.370850 0.000000 2736.010986 0.000000 0.762780 0.000000 -0.646659 0.500000 0.500000 0.500000
2741.784668 0.000000 2703.124756 0.000000 0.916479 0.000000 -0.400084 0.500000 0.500000 0.500000
2722.105225 0.000000 2739.338623 0.000000 0.879894 0.000000 -0.475169 0.500000 0.500000 0.500000
2810.933838 0.000000 2777.921143 0.000000 0.614030 0.000000 -0.789283 0.500000 0.500000 0.500000
2813.093994 0.000000 2772.151855 0.000000 0.902736 0.000000 -0.430195 0.500000 0.500000 0.500000
2813.445557 0.000000 2767.794189 0.000000 0.899332 0.000000 -0.437265 0.500000 0.500000 0.500000
2814.520996 0.000000 2764.718994 0.000000 0.770590 0.000000 -0.637332 0.500000 0.500000 0.500000
2879.015137 0.000000 2679.429199 0.000000 0.882892 0.000000 -0.469576 0.500000 0.500000 0.500000
2819.913818 0.000000 2670.720459 0.000000 0.736103 0.000000 -0.676869 0.500000 0.500000 0.500000
2888.209717 0.000000 2673.227539 0.000000 0.905548 0.000000 -0.424244 0.500000 0.500000 0.500000
2829.277588 0.000000 2747.363770 0.000000 0.678437 0.000000 -0.734659 0.500000 0.500000 0.500000
2881.150879 0.000000 2703.200195 0.000000 0.887553 0.000000 -0.460706 0.500000 0.500000 0.500000
2881.966064 0.000000 2696.805664 0.000000 0.639539 0.000000 -0.768759 0.500000 0.500000 0.500000
2902.376221 0.000000 2701.663574 0.000000 0.813052 0.000000 -0.582191 0.500000 0.500000 0.500000
2886.437012 0.000000 2692.031250 0.000000 0.740533 0.000000 -0.672020 0.500000 0.500000 0.500000
2886.473145 0.000000 2702.247314 0.000000 0.652528 0.000000 -0.757765 0.500000 0.500000 0.500000
2882.929443 0.000000 2693.215088 0.000000 0.801045 0.000000 -0.598604 0.500000 0.500000 0.500000
2905.452393 0.000000 2701.877441 0.000000 0.883085 0.000000 -0.469212 0.500000 0.500000 0.500000
2832.249268 0.000000 2755.082764 0.000000 0.885122 0.000000 -0.465358 0.500000 0.500000 0.500000
2821.017578 0.000000 2775.654541 0.000000 0.909666 0.000000 -0.415340 0.500000 0.500000 0.500000
2818.001221 0.000000 2771.906494 0.000000 0.666302 0.000000 -0.745682 0.500000 0.500000 0.500000
2831.024902 0.000000 2791.988037 0.000000 0.943734 0.000000 -0.330706 0.500000 0.500000 0.500000
2824.917236 0.000000 2806.154785 0.000000 0.890180 0.000000 -0.455609 0.500000 0.500000 0.500000
2833.186279 0.000000 2751.333984 0.000000 0.811360 0.000000 -0.584547 0.500000 0.500000 0.500000
2815.777344 0.000000 2763.815674 0.000000 0.941835 0.000000 -0.336076 0.500000 0.500000 0.500000
2829.277588 0.000000 2811.348145 0.000000 0.865040 0.000000 -0.501702 0.500000 0.500000 0.500000
2830.063965 0.000000 2752.896240 0.000000 0.768623 0.000000 -0.639701 0.500000 0.500000 0.500000
2576.128662 0.000000 2860.670654 0.000000 0.934752 0.000000 -0.355302 0.500000 0.500000 0.500000
2567.944580 0.000000 2858.804932 0.000000 0.623213 0.000000 -0.782052 0.500000 0.500000 0.500000
2571.746094 0.000000 2860.966553 0.000000 0.691549 0.000000 -0.722329 0.500000 0.500000 0.500000
2632.481201 0.000000 2899.625000 0.000000 0.824723 0.000000 -0.565536 0.500000 0.500000 0.500000
2629.041016 0.000000 2903.623291 0.000000 0.791779 0.000000 -0.610808 0.500000 0.500000 0.500000
2630.504395 0.000000 2894.200439 0.000000 0.944928 0.000000 -0.327278 0.500000 0.500000 0.500000
2634.897217 0.000000 2901.554199 0.000000 0.607018 0.000000 -0.794688 0.500000 0.500000 0.500000
2561.189941 0.000000 2959.137695 0.000000 0.933940 0.000000 -0.357430 0.500000 0.500000 0.500000
2559.712402 0.000000 2949.965088 0.000000 0.742293 0.000000 -0.670075 0.500000 0.500000 0.500000
2565.743164 0.000000 2964.721680 0.000000 0.728358 0.000000 -0.685197 0.500000 0.500000 0.500000
2609.387207 0.000000 3035.649170 0.000000 0.822810 0.000000 -0.568317 0.500000 0.500000 0.500000
2600.163574 0.000000 3029.947021 0.000000 0.702051 0.000000 -0.712127 0.500000 0.500000 0.500000
2603.785889 0.000000 3027.607178 0.000000 0.763388 0.000000 -0.645941 0.500000 0.500000 0.500000
2660.884766 0.000000 3053.183350 0.000000 0.932182 0.000000 -0.361989 0.500000 0.500000 0.500000
2674.041748 0.000000 3067.658203 0.000000 0.657214 0.000000 -0.753704 0.500000 0.500000 0.500000
2639.263184 0.000000 3040.214600 0.000000 0.913194 0.000000 -0.407526 0.500000 0.500000 0.500000
2835.532227 0.000000 2836.791260 0.000000 0.725198 0.000000 -0.688540 0.500000 0.500000 0.500000
3261.625244 0.000000 2653.260742 0.000000 0.633998 0.000000 -0.773335 0.500000 0.500000 0.500000
3135.214355 0.000000 2734.194092 0.000000 0.759534 0.000000 -0.650467 0.500000 0.500000 0.500000
3119.333496 0.000000 2749.544922 0.000000 0.938366 0.000000 -0.345644 0.500000 0.500000 0.500000
3150.356934 0.000000 2698.508789 0.000000 0.904492 0.000000 -0.426491 0.500000 0.500000 0.500000
3173.044434 0.000000 2757.072266 0.000000 0.755533 0.000000 -0.655110 0.500000 0.500000 0.500000
3188.068848 0.000000 2776.430664 0.000000 0.612850 0.000000 -0.790199 0.500000 0.500000 0.500000
3182.810547 0.000000 2784.445312 0.000000 0.900214 0.000000 -0.435448 0.500000 0.500000 0.500000
3192.320557 0.000000 2801.176270 0.000000 0.678122 0.000000 -0.734949 0.500000 0.500000 0.500000
3222.583008 0.000000 2718.775635 0.000000 0.616528 0.000000 -0.787333 0.500000 0.500000 0.500000
3230.543213 0.000000 2715.603027 0.000000 0.612462 0.000000 -0.790500 0.500000 0.500000 0.500000
3225.120117 0.000000 2717.812744 0.000000 0.670399 0.000000 -0.742001 0.500000 0.500000 0.500000
3230.726807 0.000000 2708.805908 0.000000 0.853821 0.000000 -0.520567 0.500000 0.500000 0.500000
3229.677002 0.000000 2717.020508 0.000000 0.923397 0.000000 -0.383846 0.500000 0.500000 0.500000
3227.686523 0.000000 2710.262939 0.000000 0.753906 0.000000 -0.656982 0.500000 0.500000 0.500000
3229.205322 0.000000 2712.548096 0.000000 0.597806 0.000000 -0.801641 0.500000 0.500000 0.500000
3358.309814 0.000000 2851.121338 0.000000 0.926466 0.000000 -0.376380 0.500000 0.500000 0.500000
2197.309082 0.000000 3071.604004 0.000000 0.867059 0.000000 -0.498206 0.500000 0.500000 0.500000
2236.192139 0.000000 3115.059570 0.000000 0.657075 0.000000 -0.753825 0.500000 0.500000 0.500000
2215.662354 0.000000 3096.833740 0.000000 0.679226 0.000000 -0.733929 0.500000 0.500000 0.500000
2198.462158 0.000000 3085.569824 0.000000 0.879711 0.000000 -0.475509 0.500000 0.500000 0.500000
2192.107178 0.000000 3133.391357 0.000000 0.748368 0.000000 -0.663284 0.500000 0.500000 0.500000
2201.987793 0.000000 3117.635498 0.000000 0.939909 0.000000 -0.341424 0.500000 0.500000 0.500000
2221.155273 0.000000 3097.120117 0.000000 0.816111 0.000000 -0.577896 0.500000 0.500000 0.500000
2195.508301 0.000000 3119.587891 0.000000 0.828616 0.000000 -0.559817 0.500000 0.500000 0.500000
2201.019775 0.000000 3089.202393 0.000000 0.788056 0.000000 -0.615604 0.500000 0.500000 0.500000
2193.264404 0.000000 3071.255859 0.000000 0.816003 0.000000 -0.578048 0.500000 0.500000 0.500000
2213.908447 0.000000 3073.763916 0.000000 0.612942 0.000000 -0.790128 0.500000 0.500000 0.500000
2236.626221 0.000000 3119.573730 0.000000 0.877664 0.000000 -0.479276 0.500000 0.500000 0.500000
2332.223145 0.000000 3198.207764 0.000000 0.665001 0.000000 -0.746843 0.500000 0.500000 0.500000
2308.971680 0.000000 3173.266602 0.000000 0.629271 0.000000 -0.777186 0.500000 0.500000 0.500000
2311.301758 0.000000 3181.882812 0.000000 0.696390 0.000000 -0.717664 0.500000 0.500000 0.500000
2329.531006 0.000000 3198.334473 0.000000 0.931575 0.000000 -0.363550 0.500000 0.500000 0.500000
2415.989258 0.000000 3157.177734 0.000000 0.739049 0.000000 -0.673652 0.500000 0.500000 0.500000
2393.118164 0.000000 3171.965088 0.000000 0.940618 0.000000 -0.339467 0.500000 0.500000 0.500000
2417.410645 0.000000 3163.617920 0.000000 0.651423 0.000000 -0.758715 0.500000 0.500000 0.500000
2393.221680 0.000000 3165.703369 0.000000 0.647911 0.000000 -0.761716 0.500000 0.500000 0.500000
2440.140869 0.000000 3175.159912 0.000000 0.677659 0.000000 -0.735376 0.500000 0.500000 0.500000
2546.057373 0.000000 3195.626953 0.000000 0.945953 0.000000 -0.324304 0.500000 0.500000 0.500000
2501.273193 0.000000 3199.172119 0.000000 0.903705 0.000000 -0.428156 0.500000 0.500000 0.500000
2333.223389 0.000000 3200.942383 0.000000 0.588162 0.000000 -0.808743 0.500000 0.500000 0.500000
2331.115234 0.000000 3199.339600 0.000000 0.716396 0.000000 -0.697694 0.500000 0.500000 0.500000
2443.084961 0.000000 3200.005615 0.000000 0.625449 0.000000 -0.780265 0.500000 0.500000 0.500000
2492.160889 0.000000 3243.028320 0.000000 0.608200 0.000000 -0.793784 0.500000 0.500000 0.500000
2492.973389 0.000000 3235.370605 0.000000 0.807754 0.000000 -0.589519 0.500000 0.500000 0.500000
2484.587402 0.000000 3206.521973 0.000000 0.600756 0.000000 -0.799433 0.500000 0.500000 0.500000
2443.806641 0.000000 3204.824951 0.000000 0.859737 0.000000 -0.510737 0.500000 0.500000 0.500000
2483.573975 0.000000 3240.925293 0.000000 0.878421 0.000000 -0.477887 0.500000 0.500000 0.500000
2437.691162 0.000000 3210.390869 0.000000 0.830949 0.000000 -0.556348 0.500000 0.500000 0.500000
2440.924072 0.000000 3206.118652 0.000000 0.697548 0.000000 -0.716538 0.500000 0.500000 0.500000
2550.748779 0.000000 3199.970947 0.000000 0.830088 0.000000 -0.557633 0.500000 0.500000 0.500000
2511.901367 0.000000 3225.806396 0.000000 0.721169 0.000000 -0.692759 0.500000 0.500000 0.500000
2511.278809 0.000000 3232.167725 0.000000 0.948829 0.000000 -0.315791 0.500000 0.500000 0.500000
2501.056641 0.000000 3223.545166 0.000000 0.828282 0.000000 -0.560311 0.500000 0.500000 0.500000
2508.301514 0.000000 3228.852539 0.000000 0.714449 0.000000 -0.699688 0.500000 0.500000 0.500000
2568.489014 0.000000 3091.578125 0.000000 0.917481 0.000000 -0.397779 0.500000 0.500000 0.500000
2585.094727 0.000000 3107.980713 0.000000 0.887909 0.000000 -0.460020 0.500000 0.500000 0.500000
2566.512207 0.000000 3086.153564 0.000000 0.899273 0.000000 -0.437387 0.500000 0.500000 0.500000
2585.876953 0.000000 3099.089355 0.000000 0.797376 0.000000 -0.603483 0.500000 0.500000 0.500000
2565.176025 0.000000 3089.572266 0.000000 0.599758 0.000000 -0.800182 0.500000 0.500000 0.500000
2586.657227 0.000000 3177.039795 0.000000 0.906259 0.000000 -0.422723 0.500000 0.500000 0.500000
2581.906006 0.000000 3171.502441 0.000000 0.857032 0.000000 -0.515262 0.500000 0.500000 0.500000
2566.476074 0.000000 3203.906250 0.000000 0.831701 0.000000 -0.555223 0.500000 0.500000 0.500000
"}
object={
	name="rock_hardened_lava_01_generator_4"
	render_pass=Map
	clamp_to_water_level=no
	generated_content=yes
	layer="grass_layer"
	pdxmesh="rock_hardened_lava_01_e_mesh"
	count=202
	transform="2044.308960 0.000000 2684.080078 0.000000 0.392441 0.000000 -0.919777 0.500000 0.500000 0.500000
2047.116699 0.000000 2679.429199 0.000000 0.517374 0.000000 -0.855759 0.500000 0.500000 0.500000
2047.346924 0.000000 2670.209717 0.000000 0.408199 0.000000 -0.912893 0.500000 0.500000 0.500000
2036.642090 0.000000 2694.646973 0.000000 0.407852 0.000000 -0.913048 0.500000 0.500000 0.500000
2034.766602 0.000000 2697.515625 0.000000 0.079272 0.000000 -0.996853 0.500000 0.500000 0.500000
2796.879883 0.000000 2531.780273 0.000000 0.240872 0.000000 -0.970557 0.500000 0.500000 0.500000
2763.722656 0.000000 2541.044678 0.000000 0.170775 0.000000 -0.985310 0.500000 0.500000 0.500000
2774.147461 0.000000 2558.098145 0.000000 0.097078 0.000000 -0.995277 0.500000 0.500000 0.500000
2774.978760 0.000000 2523.925537 0.000000 0.320099 0.000000 -0.947384 0.500000 0.500000 0.500000
2776.049316 0.000000 2538.399902 0.000000 0.455162 0.000000 -0.890409 0.500000 0.500000 0.500000
2801.489258 0.000000 2552.330078 0.000000 0.022726 0.000000 -0.999742 0.500000 0.500000 0.500000
2814.894043 0.000000 2526.986572 0.000000 0.362291 0.000000 -0.932065 0.500000 0.500000 0.500000
2777.754395 0.000000 2539.578613 0.000000 0.190872 0.000000 -0.981615 0.500000 0.500000 0.500000
2823.670654 0.000000 2532.483887 0.000000 0.429903 0.000000 -0.902875 0.500000 0.500000 0.500000
2821.401611 0.000000 2530.771240 0.000000 0.456690 0.000000 -0.889626 0.500000 0.500000 0.500000
2047.852051 0.000000 2684.430908 0.000000 0.036955 0.000000 -0.999317 0.500000 0.500000 0.500000
2079.953613 0.000000 2751.093018 0.000000 0.351407 0.000000 -0.936223 0.500000 0.500000 0.500000
2048.122559 0.000000 2754.621338 0.000000 0.520222 0.000000 -0.854031 0.500000 0.500000 0.500000
2056.970947 0.000000 2758.228027 0.000000 0.476551 0.000000 -0.879147 0.500000 0.500000 0.500000
2056.357666 0.000000 2774.636475 0.000000 0.086283 0.000000 -0.996271 0.500000 0.500000 0.500000
2056.891113 0.000000 2764.420166 0.000000 0.452075 0.000000 -0.891980 0.500000 0.500000 0.500000
2055.260986 0.000000 2760.800781 0.000000 0.514732 0.000000 -0.857351 0.500000 0.500000 0.500000
2052.246826 0.000000 2760.986572 0.000000 0.072606 0.000000 -0.997361 0.500000 0.500000 0.500000
2153.177246 0.000000 2817.383789 0.000000 0.581965 0.000000 -0.813214 0.500000 0.500000 0.500000
2157.266113 0.000000 2820.238525 0.000000 0.184750 0.000000 -0.982786 0.500000 0.500000 0.500000
2152.410889 0.000000 2820.601807 0.000000 0.218701 0.000000 -0.975792 0.500000 0.500000 0.500000
2100.634277 0.000000 2886.600098 0.000000 0.220663 0.000000 -0.975350 0.500000 0.500000 0.500000
2129.118896 0.000000 2936.613037 0.000000 0.043903 0.000000 -0.999036 0.500000 0.500000 0.500000
2253.426270 0.000000 2942.160889 0.000000 0.059425 0.000000 -0.998233 0.500000 0.500000 0.500000
2137.446777 0.000000 2999.072998 0.000000 0.252863 0.000000 -0.967502 0.500000 0.500000 0.500000
2133.244873 0.000000 2969.545410 0.000000 0.500423 0.000000 -0.865781 0.500000 0.500000 0.500000
2174.052734 0.000000 3047.410889 0.000000 0.535586 0.000000 -0.844481 0.500000 0.500000 0.500000
2220.275635 0.000000 3006.046631 0.000000 0.401604 0.000000 -0.915813 0.500000 0.500000 0.500000
2210.642090 0.000000 2998.978027 0.000000 0.383539 0.000000 -0.923525 0.500000 0.500000 0.500000
2179.580322 0.000000 2999.163330 0.000000 0.279869 0.000000 -0.960038 0.500000 0.500000 0.500000
2268.093750 0.000000 2950.946045 0.000000 0.366919 0.000000 -0.930253 0.500000 0.500000 0.500000
2256.319580 0.000000 2947.035889 0.000000 0.513507 0.000000 -0.858085 0.500000 0.500000 0.500000
2281.161621 0.000000 2945.352539 0.000000 0.315291 0.000000 -0.948995 0.500000 0.500000 0.500000
2254.134277 0.000000 2944.849365 0.000000 0.542304 0.000000 -0.840182 0.500000 0.500000 0.500000
2224.012695 0.000000 3029.208984 0.000000 0.463554 0.000000 -0.886069 0.500000 0.500000 0.500000
2176.107178 0.000000 3010.558838 0.000000 0.214070 0.000000 -0.976818 0.500000 0.500000 0.500000
2225.493408 0.000000 3020.747314 0.000000 0.233357 0.000000 -0.972391 0.500000 0.500000 0.500000
2201.438965 0.000000 3063.057373 0.000000 0.351000 0.000000 -0.936375 0.500000 0.500000 0.500000
2218.941895 0.000000 3029.045410 0.000000 0.432403 0.000000 -0.901680 0.500000 0.500000 0.500000
2226.788574 0.000000 3025.995117 0.000000 0.459052 0.000000 -0.888409 0.500000 0.500000 0.500000
2221.258301 0.000000 3012.191650 0.000000 0.438594 0.000000 -0.898685 0.500000 0.500000 0.500000
2207.253662 0.000000 3060.230225 0.000000 0.330710 0.000000 -0.943733 0.500000 0.500000 0.500000
2219.973877 0.000000 3022.800781 0.000000 0.121838 0.000000 -0.992550 0.500000 0.500000 0.500000
2227.637207 0.000000 3023.794434 0.000000 0.404752 0.000000 -0.914426 0.500000 0.500000 0.500000
2346.076172 0.000000 2930.821533 0.000000 0.006644 0.000000 -0.999978 0.500000 0.500000 0.500000
2516.661621 0.000000 2874.358887 0.000000 0.126574 0.000000 -0.991957 0.500000 0.500000 0.500000
2512.288330 0.000000 2819.067139 0.000000 0.548073 0.000000 -0.836430 0.500000 0.500000 0.500000
2510.435059 0.000000 2826.477539 0.000000 0.230484 0.000000 -0.973076 0.500000 0.500000 0.500000
2548.204590 0.000000 2865.858154 0.000000 0.169871 0.000000 -0.985466 0.500000 0.500000 0.500000
2533.029297 0.000000 2876.742188 0.000000 0.413454 0.000000 -0.910525 0.500000 0.500000 0.500000
2556.965576 0.000000 2915.448730 0.000000 0.166217 0.000000 -0.986089 0.500000 0.500000 0.500000
2540.236572 0.000000 2942.062256 0.000000 0.054476 0.000000 -0.998515 0.500000 0.500000 0.500000
2535.125488 0.000000 2879.350830 0.000000 0.230103 0.000000 -0.973166 0.500000 0.500000 0.500000
2339.241699 0.000000 2954.426025 0.000000 0.339567 0.000000 -0.940582 0.500000 0.500000 0.500000
2323.344238 0.000000 2981.500488 0.000000 0.478793 0.000000 -0.877928 0.500000 0.500000 0.500000
2351.572021 0.000000 2952.155518 0.000000 0.073559 0.000000 -0.997291 0.500000 0.500000 0.500000
2331.287598 0.000000 2975.531494 0.000000 0.119979 0.000000 -0.992777 0.500000 0.500000 0.500000
2323.267334 0.000000 2977.408447 0.000000 0.403748 0.000000 -0.914870 0.500000 0.500000 0.500000
2336.381348 0.000000 2958.684814 0.000000 0.368742 0.000000 -0.929532 0.500000 0.500000 0.500000
2342.690918 0.000000 2961.130127 0.000000 0.244786 0.000000 -0.969577 0.500000 0.500000 0.500000
2329.229492 0.000000 2973.750244 0.000000 0.097135 0.000000 -0.995271 0.500000 0.500000 0.500000
2324.217285 0.000000 2974.991211 0.000000 0.401715 0.000000 -0.915765 0.500000 0.500000 0.500000
2367.941650 0.000000 3032.144287 0.000000 0.144456 0.000000 -0.989511 0.500000 0.500000 0.500000
2379.311523 0.000000 3048.846436 0.000000 0.476528 0.000000 -0.879159 0.500000 0.500000 0.500000
2367.785889 0.000000 3038.341064 0.000000 0.503896 0.000000 -0.863764 0.500000 0.500000 0.500000
2367.760986 0.000000 3035.249268 0.000000 0.243641 0.000000 -0.969865 0.500000 0.500000 0.500000
2537.130371 0.000000 2945.352539 0.000000 0.567621 0.000000 -0.823290 0.500000 0.500000 0.500000
2557.709717 0.000000 2953.549072 0.000000 0.139937 0.000000 -0.990160 0.500000 0.500000 0.500000
2550.391602 0.000000 2954.545166 0.000000 0.327640 0.000000 -0.944803 0.500000 0.500000 0.500000
2518.704590 0.000000 2983.820557 0.000000 0.360204 0.000000 -0.932874 0.500000 0.500000 0.500000
2526.411377 0.000000 3043.074463 0.000000 0.152168 0.000000 -0.988355 0.500000 0.500000 0.500000
2525.265381 0.000000 3030.898926 0.000000 0.296074 0.000000 -0.955165 0.500000 0.500000 0.500000
2536.854248 0.000000 3037.420410 0.000000 0.547576 0.000000 -0.836756 0.500000 0.500000 0.500000
2525.321289 0.000000 3026.679688 0.000000 0.149875 0.000000 -0.988705 0.500000 0.500000 0.500000
2531.709229 0.000000 3044.406250 0.000000 0.335701 0.000000 -0.941969 0.500000 0.500000 0.500000
2528.491455 0.000000 3033.940186 0.000000 0.233936 0.000000 -0.972252 0.500000 0.500000 0.500000
2526.549316 0.000000 3032.822998 0.000000 0.526115 0.000000 -0.850413 0.500000 0.500000 0.500000
2533.202637 0.000000 3042.761230 0.000000 0.206465 0.000000 -0.978454 0.500000 0.500000 0.500000
2743.576904 0.000000 2563.929199 0.000000 0.210172 0.000000 -0.977665 0.500000 0.500000 0.500000
2744.179199 0.000000 2567.568359 0.000000 0.470383 0.000000 -0.882462 0.500000 0.500000 0.500000
2785.453369 0.000000 2580.286865 0.000000 0.153205 0.000000 -0.988194 0.500000 0.500000 0.500000
2775.145752 0.000000 2564.677979 0.000000 0.244435 0.000000 -0.969666 0.500000 0.500000 0.500000
2795.606934 0.000000 2562.085205 0.000000 0.232740 0.000000 -0.972539 0.500000 0.500000 0.500000
2812.934326 0.000000 2659.511230 0.000000 0.068025 0.000000 -0.997684 0.500000 0.500000 0.500000
2805.183594 0.000000 2653.582275 0.000000 0.530283 0.000000 -0.847821 0.500000 0.500000 0.500000
2682.949463 0.000000 2713.936768 0.000000 0.550342 0.000000 -0.834939 0.500000 0.500000 0.500000
2637.663574 0.000000 2800.987549 0.000000 0.268933 0.000000 -0.963159 0.500000 0.500000 0.500000
2637.968262 0.000000 2798.369873 0.000000 0.394022 0.000000 -0.919101 0.500000 0.500000 0.500000
2742.368164 0.000000 2698.607666 0.000000 0.086446 0.000000 -0.996257 0.500000 0.500000 0.500000
2687.696777 0.000000 2694.027588 0.000000 0.316343 0.000000 -0.948645 0.500000 0.500000 0.500000
2693.559814 0.000000 2695.239014 0.000000 0.341990 0.000000 -0.939704 0.500000 0.500000 0.500000
2814.850098 0.000000 2758.230957 0.000000 0.019804 0.000000 -0.999804 0.500000 0.500000 0.500000
2855.503662 0.000000 2662.798584 0.000000 0.562203 0.000000 -0.826999 0.500000 0.500000 0.500000
2849.323975 0.000000 2664.228027 0.000000 0.519736 0.000000 -0.854327 0.500000 0.500000 0.500000
2815.864014 0.000000 2669.794678 0.000000 0.151452 0.000000 -0.988465 0.500000 0.500000 0.500000
2880.948730 0.000000 2679.905273 0.000000 0.176737 0.000000 -0.984258 0.500000 0.500000 0.500000
2885.057373 0.000000 2673.652588 0.000000 0.100675 0.000000 -0.994919 0.500000 0.500000 0.500000
2832.029053 0.000000 2749.485107 0.000000 0.109816 0.000000 -0.993952 0.500000 0.500000 0.500000
2877.670654 0.000000 2697.611572 0.000000 0.040882 0.000000 -0.999164 0.500000 0.500000 0.500000
2878.842285 0.000000 2694.246582 0.000000 0.408871 0.000000 -0.912592 0.500000 0.500000 0.500000
2889.323975 0.000000 2697.589111 0.000000 0.190227 0.000000 -0.981740 0.500000 0.500000 0.500000
2885.636475 0.000000 2698.515869 0.000000 0.368043 0.000000 -0.929809 0.500000 0.500000 0.500000
2906.977295 0.000000 2699.236328 0.000000 0.496868 0.000000 -0.867826 0.500000 0.500000 0.500000
2882.993896 0.000000 2700.406494 0.000000 0.415797 0.000000 -0.909458 0.500000 0.500000 0.500000
2832.097412 0.000000 2796.686279 0.000000 0.231527 0.000000 -0.972829 0.500000 0.500000 0.500000
2835.281738 0.000000 2789.547363 0.000000 0.235484 0.000000 -0.971878 0.500000 0.500000 0.500000
2832.029053 0.000000 2813.469482 0.000000 0.041070 0.000000 -0.999156 0.500000 0.500000 0.500000
2568.248779 0.000000 2865.180664 0.000000 0.433175 0.000000 -0.901310 0.500000 0.500000 0.500000
2563.945068 0.000000 2862.673584 0.000000 0.511178 0.000000 -0.859475 0.500000 0.500000 0.500000
2575.056152 0.000000 2855.972412 0.000000 0.078675 0.000000 -0.996900 0.500000 0.500000 0.500000
2573.715332 0.000000 2858.693848 0.000000 0.374207 0.000000 -0.927345 0.500000 0.500000 0.500000
2559.721680 0.000000 2918.098145 0.000000 0.346873 0.000000 -0.937912 0.500000 0.500000 0.500000
2562.495850 0.000000 2919.239014 0.000000 0.528602 0.000000 -0.848870 0.500000 0.500000 0.500000
2793.205811 0.000000 2831.724609 0.000000 0.322849 0.000000 -0.946450 0.500000 0.500000 0.500000
2791.899170 0.000000 2827.347412 0.000000 0.376607 0.000000 -0.926373 0.500000 0.500000 0.500000
2568.489014 0.000000 2963.609375 0.000000 0.542389 0.000000 -0.840128 0.500000 0.500000 0.500000
2571.545410 0.000000 2958.709961 0.000000 0.034257 0.000000 -0.999413 0.500000 0.500000 0.500000
2566.512207 0.000000 2958.184814 0.000000 0.575704 0.000000 -0.817659 0.500000 0.500000 0.500000
2565.176025 0.000000 2961.603516 0.000000 0.038521 0.000000 -0.999258 0.500000 0.500000 0.500000
2559.808594 0.000000 2955.768799 0.000000 0.434035 0.000000 -0.900896 0.500000 0.500000 0.500000
2593.476807 0.000000 3028.177490 0.000000 0.267549 0.000000 -0.963544 0.500000 0.500000 0.500000
2602.895020 0.000000 3029.045410 0.000000 0.003122 0.000000 -0.999995 0.500000 0.500000 0.500000
2608.228027 0.000000 3032.422119 0.000000 0.228230 0.000000 -0.973607 0.500000 0.500000 0.500000
2597.308105 0.000000 3030.864014 0.000000 0.376060 0.000000 -0.926595 0.500000 0.500000 0.500000
2602.594482 0.000000 3031.882568 0.000000 0.539342 0.000000 -0.842087 0.500000 0.500000 0.500000
2605.045654 0.000000 3030.535645 0.000000 0.054114 0.000000 -0.998535 0.500000 0.500000 0.500000
2646.653320 0.000000 3038.697510 0.000000 0.534458 0.000000 -0.845195 0.500000 0.500000 0.500000
2665.038818 0.000000 3050.789307 0.000000 0.378747 0.000000 -0.925500 0.500000 0.500000 0.500000
2642.628906 0.000000 3037.108398 0.000000 0.122672 0.000000 -0.992447 0.500000 0.500000 0.500000
2837.158936 0.000000 2841.576660 0.000000 0.058401 0.000000 -0.998293 0.500000 0.500000 0.500000
2834.493652 0.000000 2840.203369 0.000000 0.357220 0.000000 -0.934020 0.500000 0.500000 0.500000
3257.712402 0.000000 2641.150879 0.000000 0.202160 0.000000 -0.979352 0.500000 0.500000 0.500000
3147.475098 0.000000 2702.772461 0.000000 0.263405 0.000000 -0.964685 0.500000 0.500000 0.500000
3142.441895 0.000000 2702.247314 0.000000 0.388146 0.000000 -0.921598 0.500000 0.500000 0.500000
3140.528809 0.000000 2740.764648 0.000000 0.560703 0.000000 -0.828017 0.500000 0.500000 0.500000
3181.755127 0.000000 2781.614502 0.000000 0.462075 0.000000 -0.886841 0.500000 0.500000 0.500000
3140.978516 0.000000 2775.654541 0.000000 0.201476 0.000000 -0.979494 0.500000 0.500000 0.500000
3181.345947 0.000000 2783.410645 0.000000 0.311715 0.000000 -0.950175 0.500000 0.500000 0.500000
3232.695801 0.000000 2719.603027 0.000000 0.491448 0.000000 -0.870907 0.500000 0.500000 0.500000
3227.340088 0.000000 2708.762939 0.000000 0.210449 0.000000 -0.977605 0.500000 0.500000 0.500000
3227.956055 0.000000 2716.872559 0.000000 0.569151 0.000000 -0.822233 0.500000 0.500000 0.500000
2196.700684 0.000000 3130.296387 0.000000 0.515517 0.000000 -0.856879 0.500000 0.500000 0.500000
2192.175537 0.000000 3116.608154 0.000000 0.552079 0.000000 -0.833792 0.500000 0.500000 0.500000
2184.295654 0.000000 3121.118164 0.000000 0.084897 0.000000 -0.996390 0.500000 0.500000 0.500000
2189.162109 0.000000 3127.697998 0.000000 0.532439 0.000000 -0.846468 0.500000 0.500000 0.500000
2223.284668 0.000000 3072.678223 0.000000 0.300846 0.000000 -0.953673 0.500000 0.500000 0.500000
2197.799316 0.000000 3115.872803 0.000000 0.181998 0.000000 -0.983299 0.500000 0.500000 0.500000
2188.242920 0.000000 3124.139404 0.000000 0.141035 0.000000 -0.990005 0.500000 0.500000 0.500000
2191.193359 0.000000 3125.368652 0.000000 0.202245 0.000000 -0.979335 0.500000 0.500000 0.500000
2201.538330 0.000000 3085.783691 0.000000 0.110486 0.000000 -0.993878 0.500000 0.500000 0.500000
2194.968506 0.000000 3116.814453 0.000000 0.508695 0.000000 -0.860947 0.500000 0.500000 0.500000
2312.280029 0.000000 3185.102539 0.000000 0.554163 0.000000 -0.832408 0.500000 0.500000 0.500000
2326.202148 0.000000 3197.941895 0.000000 0.517498 0.000000 -0.855685 0.500000 0.500000 0.500000
2390.684570 0.000000 3166.666260 0.000000 0.386307 0.000000 -0.922370 0.500000 0.500000 0.500000
2401.500244 0.000000 3156.146240 0.000000 0.018754 0.000000 -0.999824 0.500000 0.500000 0.500000
2387.336426 0.000000 3173.453613 0.000000 0.364410 0.000000 -0.931239 0.500000 0.500000 0.500000
2393.415527 0.000000 3191.026123 0.000000 0.534344 0.000000 -0.845267 0.500000 0.500000 0.500000
2406.197510 0.000000 3155.907959 0.000000 0.411467 0.000000 -0.911425 0.500000 0.500000 0.500000
2393.964355 0.000000 3181.619873 0.000000 0.103293 0.000000 -0.994651 0.500000 0.500000 0.500000
2390.720215 0.000000 3175.773682 0.000000 0.148300 0.000000 -0.988942 0.500000 0.500000 0.500000
2394.656982 0.000000 3184.735596 0.000000 0.550020 0.000000 -0.835151 0.500000 0.500000 0.500000
2392.540771 0.000000 3168.905518 0.000000 0.387719 0.000000 -0.921778 0.500000 0.500000 0.500000
2443.075928 0.000000 3173.042480 0.000000 0.026224 0.000000 -0.999656 0.500000 0.500000 0.500000
2439.869873 0.000000 3169.417725 0.000000 0.077014 0.000000 -0.997030 0.500000 0.500000 0.500000
2443.486572 0.000000 3168.401855 0.000000 0.524961 0.000000 -0.851126 0.500000 0.500000 0.500000
2546.548584 0.000000 3199.209473 0.000000 0.249884 0.000000 -0.968276 0.500000 0.500000 0.500000
2325.293457 0.000000 3199.572754 0.000000 0.534663 0.000000 -0.845065 0.500000 0.500000 0.500000
2491.367676 0.000000 3205.596191 0.000000 0.374391 0.000000 -0.927271 0.500000 0.500000 0.500000
2481.132080 0.000000 3243.724365 0.000000 0.421955 0.000000 -0.906617 0.500000 0.500000 0.500000
2496.068115 0.000000 3202.511963 0.000000 0.252281 0.000000 -0.967654 0.500000 0.500000 0.500000
2503.697754 0.000000 3225.340576 0.000000 0.182887 0.000000 -0.983134 0.500000 0.500000 0.500000
2504.302979 0.000000 3222.527100 0.000000 0.211562 0.000000 -0.977364 0.500000 0.500000 0.500000
2506.212891 0.000000 3227.055420 0.000000 0.400779 0.000000 -0.916175 0.500000 0.500000 0.500000
2500.228516 0.000000 3203.001953 0.000000 0.403925 0.000000 -0.914792 0.500000 0.500000 0.500000
2582.661133 0.000000 3102.681885 0.000000 0.213440 0.000000 -0.976956 0.500000 0.500000 0.500000
2569.363037 0.000000 3081.495361 0.000000 0.158479 0.000000 -0.987362 0.500000 0.500000 0.500000
2583.358643 0.000000 3121.665527 0.000000 0.476953 0.000000 -0.878929 0.500000 0.500000 0.500000
2575.893555 0.000000 3097.837646 0.000000 0.475888 0.000000 -0.879506 0.500000 0.500000 0.500000
2590.386475 0.000000 3119.917236 0.000000 0.413642 0.000000 -0.910439 0.500000 0.500000 0.500000
2570.859375 0.000000 3096.321045 0.000000 0.509739 0.000000 -0.860329 0.500000 0.500000 0.500000
2587.256348 0.000000 3103.500244 0.000000 0.472477 0.000000 -0.881343 0.500000 0.500000 0.500000
2572.293701 0.000000 3100.883789 0.000000 0.168548 0.000000 -0.985693 0.500000 0.500000 0.500000
2588.355957 0.000000 3123.659668 0.000000 0.410977 0.000000 -0.911646 0.500000 0.500000 0.500000
2571.470947 0.000000 3104.417480 0.000000 0.152483 0.000000 -0.988306 0.500000 0.500000 0.500000
2584.207031 0.000000 3096.563965 0.000000 0.303619 0.000000 -0.952793 0.500000 0.500000 0.500000
2584.517334 0.000000 3104.921143 0.000000 0.468874 0.000000 -0.883265 0.500000 0.500000 0.500000
2572.857178 0.000000 3106.853027 0.000000 0.092535 0.000000 -0.995709 0.500000 0.500000 0.500000
2588.864258 0.000000 3117.553467 0.000000 0.412029 0.000000 -0.911171 0.500000 0.500000 0.500000
2587.864502 0.000000 3115.251221 0.000000 0.536790 0.000000 -0.843716 0.500000 0.500000 0.500000
2585.094727 0.000000 3171.965088 0.000000 0.245648 0.000000 -0.969359 0.500000 0.500000 0.500000
2582.696777 0.000000 3175.773682 0.000000 0.150199 0.000000 -0.988656 0.500000 0.500000 0.500000
2578.439941 0.000000 3177.593018 0.000000 0.344324 0.000000 -0.938851 0.500000 0.500000 0.500000
2571.069336 0.000000 3200.005615 0.000000 0.278516 0.000000 -0.960432 0.500000 0.500000 0.500000
2576.280518 0.000000 3202.973389 0.000000 0.556806 0.000000 -0.830643 0.500000 0.500000 0.500000
2563.856445 0.000000 3200.472412 0.000000 0.268752 0.000000 -0.963209 0.500000 0.500000 0.500000
2567.771484 0.000000 3200.556641 0.000000 0.338908 0.000000 -0.940819 0.500000 0.500000 0.500000
2574.095215 0.000000 3200.786865 0.000000 0.206095 0.000000 -0.978532 0.500000 0.500000 0.500000
"}
