object={
	name="rock_desert_01_generator_0"
	render_pass=Map
	clamp_to_water_level=no
	generated_content=yes
	layer="grass_layer"
	pdxmesh="rock_desert_01_a_mesh"
	count=48
	transform="1916.154175 0.000000 822.777649 0.000000 0.318461 0.000000 0.947936 1.000000 1.000000 1.000000
1861.042114 0.000000 873.471069 0.000000 0.017657 0.000000 0.999844 1.000000 1.000000 1.000000
1905.903931 0.000000 844.247498 0.000000 0.106739 0.000000 0.994287 1.000000 1.000000 1.000000
475.290527 0.000000 1148.631592 0.000000 0.103533 0.000000 0.994626 1.000000 1.000000 1.000000
429.852844 0.000000 1276.209961 0.000000 0.068792 0.000000 0.997631 1.000000 1.000000 1.000000
459.317810 0.000000 1253.511230 0.000000 0.364277 0.000000 0.931291 1.000000 1.000000 1.000000
480.536987 0.000000 1239.583618 0.000000 0.496832 0.000000 0.867847 1.000000 1.000000 1.000000
502.814484 0.000000 1222.767090 0.000000 0.222752 0.000000 0.974875 1.000000 1.000000 1.000000
499.112946 0.000000 1227.815063 0.000000 0.357418 0.000000 0.933944 1.000000 1.000000 1.000000
417.742310 0.000000 1300.599487 0.000000 0.128508 0.000000 0.991709 1.000000 1.000000 1.000000
459.117004 0.000000 1368.743042 0.000000 0.256089 0.000000 0.966653 1.000000 1.000000 1.000000
465.277039 0.000000 1353.961304 0.000000 0.120078 0.000000 0.992764 1.000000 1.000000 1.000000
560.215637 0.000000 1045.693359 0.000000 0.472479 0.000000 0.881342 1.000000 1.000000 1.000000
545.726685 0.000000 1044.661987 0.000000 0.038132 0.000000 0.999273 1.000000 1.000000 1.000000
542.871216 0.000000 1052.009399 0.000000 0.365636 0.000000 0.930758 1.000000 1.000000 1.000000
555.144836 0.000000 1045.529663 0.000000 0.264131 0.000000 0.964487 1.000000 1.000000 1.000000
554.844360 0.000000 1048.366943 0.000000 0.346029 0.000000 0.938224 1.000000 1.000000 1.000000
548.012573 0.000000 1036.570557 0.000000 0.347606 0.000000 0.937641 1.000000 1.000000 1.000000
517.425903 0.000000 1106.056763 0.000000 0.103991 0.000000 0.994578 1.000000 1.000000 1.000000
562.413208 0.000000 1113.916382 0.000000 0.181061 0.000000 0.983472 1.000000 1.000000 1.000000
578.392029 0.000000 1124.431274 0.000000 0.246461 0.000000 0.969153 1.000000 1.000000 1.000000
521.198364 0.000000 1206.545288 0.000000 0.184090 0.000000 0.982909 1.000000 1.000000 1.000000
525.558716 0.000000 1211.738770 0.000000 0.445587 0.000000 0.895239 1.000000 1.000000 1.000000
647.414978 0.000000 1257.370239 0.000000 0.029442 0.000000 0.999566 1.000000 1.000000 1.000000
687.553528 0.000000 1335.223877 0.000000 0.000360 0.000000 1.000000 1.000000 1.000000 1.000000
1592.452759 0.000000 1332.041626 0.000000 0.205741 0.000000 0.978606 1.000000 1.000000 1.000000
1546.418091 0.000000 1319.461914 0.000000 0.393297 0.000000 0.919411 1.000000 1.000000 1.000000
1651.501587 0.000000 1316.521851 0.000000 0.414201 0.000000 0.910185 1.000000 1.000000 1.000000
1616.871216 0.000000 1297.105103 0.000000 0.001237 0.000000 0.999999 1.000000 1.000000 1.000000
1626.774414 0.000000 1321.493042 0.000000 0.031738 0.000000 0.999496 1.000000 1.000000 1.000000
1613.722900 0.000000 1297.272217 0.000000 0.484817 0.000000 0.874615 1.000000 1.000000 1.000000
1669.358521 0.000000 1338.243530 0.000000 0.418737 0.000000 0.908107 1.000000 1.000000 1.000000
1698.047852 0.000000 1340.840576 0.000000 0.219258 0.000000 0.975667 1.000000 1.000000 1.000000
1680.237793 0.000000 1389.029907 0.000000 0.245375 0.000000 0.969428 1.000000 1.000000 1.000000
1492.609009 0.000000 1650.777466 0.000000 0.371066 0.000000 0.928607 1.000000 1.000000 1.000000
1479.361084 0.000000 1652.217773 0.000000 0.492201 0.000000 0.870481 1.000000 1.000000 1.000000
2546.057373 0.000000 1020.158081 0.000000 0.459185 0.000000 0.888341 1.000000 1.000000 1.000000
3994.874023 0.000000 571.275269 0.000000 0.355747 0.000000 0.934582 1.000000 1.000000 1.000000
3972.048828 0.000000 579.642578 0.000000 0.048695 0.000000 0.998814 1.000000 1.000000 1.000000
3983.027588 0.000000 601.268921 0.000000 0.068940 0.000000 0.997621 1.000000 1.000000 1.000000
3976.736572 0.000000 646.743591 0.000000 0.126816 0.000000 0.991926 1.000000 1.000000 1.000000
2487.321289 0.000000 1050.908691 0.000000 0.469352 0.000000 0.883011 1.000000 1.000000 1.000000
2519.984863 0.000000 1033.673584 0.000000 0.439652 0.000000 0.898168 1.000000 1.000000 1.000000
2550.391602 0.000000 1035.013794 0.000000 0.327823 0.000000 0.944739 1.000000 1.000000 1.000000
3668.343506 0.000000 1266.871216 0.000000 0.011593 0.000000 0.999933 1.000000 1.000000 1.000000
3255.588379 0.000000 2641.775391 0.000000 0.269901 0.000000 0.962888 1.000000 1.000000 1.000000
3268.962891 0.000000 2647.685791 0.000000 0.289376 0.000000 0.957215 1.000000 1.000000 1.000000
3266.947021 0.000000 2636.422119 0.000000 0.455647 0.000000 0.890160 1.000000 1.000000 1.000000
"}
object={
	name="rock_desert_01_generator_1"
	render_pass=Map
	clamp_to_water_level=no
	generated_content=yes
	layer="grass_layer"
	pdxmesh="rock_desert_01_b_mesh"
	count=41
	transform="1859.500244 0.000000 872.981445 0.000000 0.673087 0.000000 0.739564 1.000000 1.000000 1.000000
478.805634 0.000000 1148.704224 0.000000 0.565405 0.000000 0.824813 1.000000 1.000000 1.000000
473.757446 0.000000 1150.834351 0.000000 0.765844 0.000000 0.643027 1.000000 1.000000 1.000000
447.311859 0.000000 1271.772949 0.000000 0.860021 0.000000 0.510259 1.000000 1.000000 1.000000
446.263367 0.000000 1255.848267 0.000000 0.780594 0.000000 0.625038 1.000000 1.000000 1.000000
428.494080 0.000000 1278.468506 0.000000 0.767903 0.000000 0.640566 1.000000 1.000000 1.000000
443.393799 0.000000 1254.323853 0.000000 0.564909 0.000000 0.825153 1.000000 1.000000 1.000000
500.829468 0.000000 1223.006348 0.000000 0.572815 0.000000 0.819685 1.000000 1.000000 1.000000
428.268982 0.000000 1279.840454 0.000000 0.688965 0.000000 0.724795 1.000000 1.000000 1.000000
452.856720 0.000000 1333.108276 0.000000 0.551166 0.000000 0.834395 1.000000 1.000000 1.000000
470.342773 0.000000 1362.093628 0.000000 0.857450 0.000000 0.514567 1.000000 1.000000 1.000000
540.710022 0.000000 1039.060791 0.000000 0.561355 0.000000 0.827575 1.000000 1.000000 1.000000
547.328796 0.000000 1044.533203 0.000000 0.618966 0.000000 0.785418 1.000000 1.000000 1.000000
572.023315 0.000000 1116.444092 0.000000 0.859546 0.000000 0.511059 1.000000 1.000000 1.000000
648.483032 0.000000 1137.602539 0.000000 0.850999 0.000000 0.525168 1.000000 1.000000 1.000000
519.190491 0.000000 1213.015381 0.000000 0.559513 0.000000 0.828821 1.000000 1.000000 1.000000
604.640015 0.000000 1210.415649 0.000000 0.609389 0.000000 0.792872 1.000000 1.000000 1.000000
588.032959 0.000000 1221.309448 0.000000 0.724881 0.000000 0.688874 1.000000 1.000000 1.000000
588.208984 0.000000 1218.744873 0.000000 0.766775 0.000000 0.641916 1.000000 1.000000 1.000000
684.237793 0.000000 1151.871704 0.000000 0.819860 0.000000 0.572564 1.000000 1.000000 1.000000
653.621399 0.000000 1214.582886 0.000000 0.697708 0.000000 0.716383 1.000000 1.000000 1.000000
660.924377 0.000000 1235.565430 0.000000 0.819416 0.000000 0.573199 1.000000 1.000000 1.000000
731.148560 0.000000 1269.252075 0.000000 0.646058 0.000000 0.763288 1.000000 1.000000 1.000000
1591.466797 0.000000 1337.437988 0.000000 0.751042 0.000000 0.660254 1.000000 1.000000 1.000000
1545.749023 0.000000 1339.388306 0.000000 0.595843 0.000000 0.803101 1.000000 1.000000 1.000000
1640.126343 0.000000 1405.612549 0.000000 0.778399 0.000000 0.627769 1.000000 1.000000 1.000000
1699.292725 0.000000 1344.234375 0.000000 0.795901 0.000000 0.605427 1.000000 1.000000 1.000000
1670.585327 0.000000 1348.359375 0.000000 0.799807 0.000000 0.600257 1.000000 1.000000 1.000000
1732.046631 0.000000 1455.017334 0.000000 0.724278 0.000000 0.689508 1.000000 1.000000 1.000000
1477.398071 0.000000 1663.546997 0.000000 0.861232 0.000000 0.508212 1.000000 1.000000 1.000000
2536.017090 0.000000 1021.706238 0.000000 0.827816 0.000000 0.561000 1.000000 1.000000 1.000000
3964.169189 0.000000 621.168030 0.000000 0.781646 0.000000 0.623723 1.000000 1.000000 1.000000
3997.085693 0.000000 599.492554 0.000000 0.773695 0.000000 0.633559 1.000000 1.000000 1.000000
3973.519043 0.000000 578.092224 0.000000 0.848933 0.000000 0.528500 1.000000 1.000000 1.000000
3974.814453 0.000000 646.392151 0.000000 0.650223 0.000000 0.759743 1.000000 1.000000 1.000000
2548.146973 0.000000 1048.852539 0.000000 0.793879 0.000000 0.608076 1.000000 1.000000 1.000000
2538.289795 0.000000 1034.408813 0.000000 0.856030 0.000000 0.516926 1.000000 1.000000 1.000000
3249.368408 0.000000 2636.841064 0.000000 0.619038 0.000000 0.785361 1.000000 1.000000 1.000000
3254.981201 0.000000 2643.885742 0.000000 0.813817 0.000000 0.581121 1.000000 1.000000 1.000000
3269.589600 0.000000 2634.531494 0.000000 0.598565 0.000000 0.801074 1.000000 1.000000 1.000000
3272.749023 0.000000 2640.557373 0.000000 0.522665 0.000000 0.852538 1.000000 1.000000 1.000000
"}
object={
	name="rock_desert_01_generator_2"
	render_pass=Map
	clamp_to_water_level=no
	generated_content=yes
	layer="grass_layer"
	pdxmesh="rock_desert_01_c_mesh"
	count=61
	transform="1917.168213 0.000000 823.341431 0.000000 0.996896 0.000000 0.078734 1.000000 1.000000 1.000000
470.428619 0.000000 1150.441772 0.000000 0.875134 0.000000 0.483880 1.000000 1.000000 1.000000
478.089600 0.000000 1156.372681 0.000000 0.903681 0.000000 0.428206 1.000000 1.000000 1.000000
448.446228 0.000000 1266.819702 0.000000 0.998502 0.000000 0.054706 1.000000 1.000000 1.000000
463.727600 0.000000 1252.601562 0.000000 0.930510 0.000000 0.366268 1.000000 1.000000 1.000000
504.452484 0.000000 1223.896484 0.000000 0.992496 0.000000 0.122275 1.000000 1.000000 1.000000
458.340515 0.000000 1251.166992 0.000000 0.883878 0.000000 0.467718 1.000000 1.000000 1.000000
470.672882 0.000000 1357.991577 0.000000 0.965631 0.000000 0.259916 1.000000 1.000000 1.000000
470.933167 0.000000 1363.709473 0.000000 0.999951 0.000000 0.009866 1.000000 1.000000 1.000000
553.096191 0.000000 1053.904663 0.000000 0.910360 0.000000 0.413818 1.000000 1.000000 1.000000
556.302124 0.000000 1056.822388 0.000000 0.993870 0.000000 0.110552 1.000000 1.000000 1.000000
516.011353 0.000000 1107.378418 0.000000 0.978319 0.000000 0.207104 1.000000 1.000000 1.000000
581.182495 0.000000 1125.766602 0.000000 0.896680 0.000000 0.442679 1.000000 1.000000 1.000000
625.830933 0.000000 1120.420288 0.000000 0.979455 0.000000 0.201664 1.000000 1.000000 1.000000
624.451050 0.000000 1123.574585 0.000000 0.982281 0.000000 0.187413 1.000000 1.000000 1.000000
576.004517 0.000000 1118.809814 0.000000 0.933942 0.000000 0.357425 1.000000 1.000000 1.000000
674.172791 0.000000 1148.887451 0.000000 0.978963 0.000000 0.204037 1.000000 1.000000 1.000000
684.462830 0.000000 1150.499756 0.000000 0.942897 0.000000 0.333085 1.000000 1.000000 1.000000
677.255554 0.000000 1149.164062 0.000000 0.940275 0.000000 0.340415 1.000000 1.000000 1.000000
646.976868 0.000000 1138.634277 0.000000 0.987848 0.000000 0.155422 1.000000 1.000000 1.000000
520.843323 0.000000 1210.365479 0.000000 0.936304 0.000000 0.351189 1.000000 1.000000 1.000000
523.509094 0.000000 1206.648438 0.000000 0.980983 0.000000 0.194094 1.000000 1.000000 1.000000
609.597107 0.000000 1192.587280 0.000000 0.878801 0.000000 0.477189 1.000000 1.000000 1.000000
609.598999 0.000000 1194.346802 0.000000 0.963554 0.000000 0.267513 1.000000 1.000000 1.000000
680.243408 0.000000 1213.659424 0.000000 0.992968 0.000000 0.118381 1.000000 1.000000 1.000000
686.494812 0.000000 1233.033936 0.000000 0.955329 0.000000 0.295545 1.000000 1.000000 1.000000
648.359375 0.000000 1255.628662 0.000000 0.921008 0.000000 0.389543 1.000000 1.000000 1.000000
653.780823 0.000000 1228.734863 0.000000 0.989963 0.000000 0.141326 1.000000 1.000000 1.000000
732.418274 0.000000 1342.660767 0.000000 0.937726 0.000000 0.347375 1.000000 1.000000 1.000000
1573.017334 0.000000 1325.605103 0.000000 0.929092 0.000000 0.369850 1.000000 1.000000 1.000000
1573.099365 0.000000 1308.727417 0.000000 0.937545 0.000000 0.347864 1.000000 1.000000 1.000000
1544.250122 0.000000 1319.613037 0.000000 0.868880 0.000000 0.495023 1.000000 1.000000 1.000000
1544.718384 0.000000 1338.334229 0.000000 0.987368 0.000000 0.158442 1.000000 1.000000 1.000000
1616.245605 0.000000 1325.045532 0.000000 0.981812 0.000000 0.189858 1.000000 1.000000 1.000000
1613.402832 0.000000 1300.470947 0.000000 0.974442 0.000000 0.224640 1.000000 1.000000 1.000000
1633.593994 0.000000 1364.583862 0.000000 0.987336 0.000000 0.158640 1.000000 1.000000 1.000000
1645.448120 0.000000 1396.127197 0.000000 0.999870 0.000000 0.016094 1.000000 1.000000 1.000000
1704.118530 0.000000 1341.628174 0.000000 0.911914 0.000000 0.410382 1.000000 1.000000 1.000000
1673.472168 0.000000 1353.917358 0.000000 0.965917 0.000000 0.258853 1.000000 1.000000 1.000000
1477.381958 0.000000 1658.165405 0.000000 0.897479 0.000000 0.441058 1.000000 1.000000 1.000000
1489.901733 0.000000 1652.053589 0.000000 0.948486 0.000000 0.316818 1.000000 1.000000 1.000000
1481.081299 0.000000 1654.435913 0.000000 0.875305 0.000000 0.483571 1.000000 1.000000 1.000000
1493.591064 0.000000 1653.955444 0.000000 0.925392 0.000000 0.379010 1.000000 1.000000 1.000000
1568.979370 0.000000 1671.409302 0.000000 0.992723 0.000000 0.120420 1.000000 1.000000 1.000000
1591.296021 0.000000 1700.296753 0.000000 0.936142 0.000000 0.351623 1.000000 1.000000 1.000000
3937.191162 0.000000 616.727966 0.000000 0.962212 0.000000 0.272302 1.000000 1.000000 1.000000
3965.304932 0.000000 592.325378 0.000000 0.910991 0.000000 0.412427 1.000000 1.000000 1.000000
3939.985352 0.000000 615.605774 0.000000 0.969689 0.000000 0.244343 1.000000 1.000000 1.000000
3965.400879 0.000000 621.331970 0.000000 0.949152 0.000000 0.314820 1.000000 1.000000 1.000000
3963.000244 0.000000 620.696411 0.000000 0.866570 0.000000 0.499056 1.000000 1.000000 1.000000
3992.711914 0.000000 635.944153 0.000000 0.983844 0.000000 0.179030 1.000000 1.000000 1.000000
3991.966797 0.000000 588.329407 0.000000 0.905971 0.000000 0.423341 1.000000 1.000000 1.000000
4010.707520 0.000000 580.769165 0.000000 0.994694 0.000000 0.102875 1.000000 1.000000 1.000000
3957.856934 0.000000 648.865845 0.000000 0.939250 0.000000 0.343235 1.000000 1.000000 1.000000
3987.154541 0.000000 648.867371 0.000000 0.951648 0.000000 0.307190 1.000000 1.000000 1.000000
2540.911133 0.000000 1060.139526 0.000000 0.953755 0.000000 0.300584 1.000000 1.000000 1.000000
2506.057373 0.000000 1085.447876 0.000000 0.954024 0.000000 0.299731 1.000000 1.000000 1.000000
2542.888672 0.000000 1056.867188 0.000000 0.901182 0.000000 0.433441 1.000000 1.000000 1.000000
2547.895996 0.000000 1051.447388 0.000000 0.966114 0.000000 0.258117 1.000000 1.000000 1.000000
3275.459473 0.000000 2638.788086 0.000000 0.995700 0.000000 0.092633 1.000000 1.000000 1.000000
3265.047363 0.000000 2637.252686 0.000000 0.978231 0.000000 0.207519 1.000000 1.000000 1.000000
"}
object={
	name="rock_desert_01_generator_3"
	render_pass=Map
	clamp_to_water_level=no
	generated_content=yes
	layer="grass_layer"
	pdxmesh="rock_desert_01_d_mesh"
	count=49
	transform="1905.532227 0.000000 845.278625 0.000000 0.902747 0.000000 -0.430171 1.000000 1.000000 1.000000
1858.581665 0.000000 871.739136 0.000000 0.989004 0.000000 -0.147887 1.000000 1.000000 1.000000
469.519714 0.000000 1152.072754 0.000000 0.945211 0.000000 -0.326461 1.000000 1.000000 1.000000
471.794403 0.000000 1151.875244 0.000000 0.999423 0.000000 -0.033962 1.000000 1.000000 1.000000
446.438721 0.000000 1253.724243 0.000000 0.999495 0.000000 -0.031766 1.000000 1.000000 1.000000
481.734497 0.000000 1236.615112 0.000000 0.999180 0.000000 -0.040485 1.000000 1.000000 1.000000
456.111877 0.000000 1249.886475 0.000000 0.967575 0.000000 -0.252584 1.000000 1.000000 1.000000
447.979309 0.000000 1254.504272 0.000000 0.873761 0.000000 -0.486355 1.000000 1.000000 1.000000
475.513885 0.000000 1247.953369 0.000000 0.995323 0.000000 -0.096605 1.000000 1.000000 1.000000
510.802002 0.000000 1229.093872 0.000000 0.992411 0.000000 -0.122965 1.000000 1.000000 1.000000
449.579590 0.000000 1269.422729 0.000000 0.999549 0.000000 -0.030032 1.000000 1.000000 1.000000
461.927368 0.000000 1252.858643 0.000000 0.950028 0.000000 -0.312166 1.000000 1.000000 1.000000
457.239471 0.000000 1368.602295 0.000000 0.959329 0.000000 -0.282289 1.000000 1.000000 1.000000
542.653259 0.000000 1059.558716 0.000000 0.956416 0.000000 -0.292007 1.000000 1.000000 1.000000
550.423950 0.000000 1044.423584 0.000000 0.914995 0.000000 -0.403464 1.000000 1.000000 1.000000
549.526917 0.000000 1037.482300 0.000000 0.945988 0.000000 -0.324201 1.000000 1.000000 1.000000
536.456848 0.000000 1049.064087 0.000000 0.956551 0.000000 -0.291563 1.000000 1.000000 1.000000
544.529175 0.000000 1047.630493 0.000000 0.939022 0.000000 -0.343856 1.000000 1.000000 1.000000
549.328613 0.000000 1050.288818 0.000000 0.988273 0.000000 -0.152696 1.000000 1.000000 1.000000
540.113586 0.000000 1041.328735 0.000000 0.869294 0.000000 -0.494296 1.000000 1.000000 1.000000
548.453308 0.000000 1048.503174 0.000000 0.919968 0.000000 -0.391995 1.000000 1.000000 1.000000
579.383301 0.000000 1125.865112 0.000000 0.989440 0.000000 -0.144946 1.000000 1.000000 1.000000
687.553528 0.000000 1207.255127 0.000000 0.973068 0.000000 -0.230519 1.000000 1.000000 1.000000
675.417664 0.000000 1216.265625 0.000000 0.987292 0.000000 -0.158914 1.000000 1.000000 1.000000
667.652405 0.000000 1237.122314 0.000000 0.912644 0.000000 -0.408755 1.000000 1.000000 1.000000
684.161194 0.000000 1231.238281 0.000000 0.995278 0.000000 -0.097063 1.000000 1.000000 1.000000
686.512207 0.000000 1336.857666 0.000000 0.891561 0.000000 -0.452901 1.000000 1.000000 1.000000
738.164978 0.000000 1340.840576 0.000000 0.942118 0.000000 -0.335283 1.000000 1.000000 1.000000
726.996460 0.000000 1327.161133 0.000000 0.999929 0.000000 -0.011916 1.000000 1.000000 1.000000
1590.182373 0.000000 1334.462524 0.000000 0.999773 0.000000 -0.021314 1.000000 1.000000 1.000000
1628.577271 0.000000 1358.982666 0.000000 0.918147 0.000000 -0.396239 1.000000 1.000000 1.000000
1644.751465 0.000000 1401.893555 0.000000 0.971464 0.000000 -0.237187 1.000000 1.000000 1.000000
1649.233521 0.000000 1388.177368 0.000000 0.925002 0.000000 -0.379963 1.000000 1.000000 1.000000
1675.178589 0.000000 1344.458740 0.000000 0.907652 0.000000 -0.419724 1.000000 1.000000 1.000000
1675.169434 0.000000 1381.479980 0.000000 0.970781 0.000000 -0.239967 1.000000 1.000000 1.000000
1727.996704 0.000000 1454.091553 0.000000 0.927982 0.000000 -0.372626 1.000000 1.000000 1.000000
1476.731812 0.000000 1653.030151 0.000000 0.981209 0.000000 -0.192950 1.000000 1.000000 1.000000
1569.557617 0.000000 1710.546753 0.000000 0.878451 0.000000 -0.477832 1.000000 1.000000 1.000000
1570.564209 0.000000 1707.622559 0.000000 0.999810 0.000000 -0.019508 1.000000 1.000000 1.000000
3956.439941 0.000000 609.672424 0.000000 0.944732 0.000000 -0.327844 1.000000 1.000000 1.000000
3988.958496 0.000000 649.549194 0.000000 0.882390 0.000000 -0.470518 1.000000 1.000000 1.000000
2487.074951 0.000000 1044.276245 0.000000 0.981569 0.000000 -0.191108 1.000000 1.000000 1.000000
2486.933838 0.000000 1047.531250 0.000000 0.945005 0.000000 -0.327057 1.000000 1.000000 1.000000
2510.103027 0.000000 1089.302368 0.000000 0.994724 0.000000 -0.102591 1.000000 1.000000 1.000000
3671.225830 0.000000 1266.118652 0.000000 0.995951 0.000000 -0.089900 1.000000 1.000000 1.000000
3260.263672 0.000000 2646.578369 0.000000 0.991343 0.000000 -0.131299 1.000000 1.000000 1.000000
3258.892334 0.000000 2647.969482 0.000000 0.921635 0.000000 -0.388059 1.000000 1.000000 1.000000
3273.350098 0.000000 2638.448486 0.000000 0.935878 0.000000 -0.352323 1.000000 1.000000 1.000000
3270.902588 0.000000 2636.446777 0.000000 0.931558 0.000000 -0.363593 1.000000 1.000000 1.000000
"}
object={
	name="rock_desert_01_generator_4"
	render_pass=Map
	clamp_to_water_level=no
	generated_content=yes
	layer="grass_layer"
	pdxmesh="rock_desert_01_e_mesh"
	count=32
	transform="421.157867 0.000000 1261.620728 0.000000 0.764549 0.000000 -0.644565 1.000000 1.000000 1.000000
447.981750 0.000000 1252.349976 0.000000 0.762698 0.000000 -0.646755 1.000000 1.000000 1.000000
472.396149 0.000000 1356.141846 0.000000 0.730000 0.000000 -0.683447 1.000000 1.000000 1.000000
547.477600 0.000000 1054.993530 0.000000 0.862281 0.000000 -0.506429 1.000000 1.000000 1.000000
550.734375 0.000000 1054.825073 0.000000 0.836562 0.000000 -0.547872 1.000000 1.000000 1.000000
573.953125 0.000000 1117.635742 0.000000 0.661496 0.000000 -0.749949 1.000000 1.000000 1.000000
517.992981 0.000000 1109.174805 0.000000 0.540256 0.000000 -0.841500 1.000000 1.000000 1.000000
514.710144 0.000000 1105.871948 0.000000 0.845104 0.000000 -0.534602 1.000000 1.000000 1.000000
631.547546 0.000000 1114.893066 0.000000 0.824145 0.000000 -0.566379 1.000000 1.000000 1.000000
675.374939 0.000000 1150.980591 0.000000 0.758926 0.000000 -0.651177 1.000000 1.000000 1.000000
524.225037 0.000000 1213.265747 0.000000 0.801995 0.000000 -0.597331 1.000000 1.000000 1.000000
608.686768 0.000000 1196.548096 0.000000 0.821120 0.000000 -0.570756 1.000000 1.000000 1.000000
605.403320 0.000000 1208.312622 0.000000 0.788192 0.000000 -0.615429 1.000000 1.000000 1.000000
652.430115 0.000000 1204.608276 0.000000 0.808584 0.000000 -0.588380 1.000000 1.000000 1.000000
660.702148 0.000000 1233.546631 0.000000 0.762415 0.000000 -0.647088 1.000000 1.000000 1.000000
674.902466 0.000000 1219.408813 0.000000 0.652586 0.000000 -0.757715 1.000000 1.000000 1.000000
656.932983 0.000000 1265.285767 0.000000 0.509578 0.000000 -0.860425 1.000000 1.000000 1.000000
653.949585 0.000000 1259.084473 0.000000 0.570703 0.000000 -0.821156 1.000000 1.000000 1.000000
649.419434 0.000000 1257.446167 0.000000 0.784097 0.000000 -0.620638 1.000000 1.000000 1.000000
696.615967 0.000000 1319.283691 0.000000 0.533635 0.000000 -0.845715 1.000000 1.000000 1.000000
725.978882 0.000000 1324.310303 0.000000 0.713182 0.000000 -0.700979 1.000000 1.000000 1.000000
725.072876 0.000000 1326.238281 0.000000 0.864576 0.000000 -0.502501 1.000000 1.000000 1.000000
1547.185059 0.000000 1317.495605 0.000000 0.514186 0.000000 -0.857679 1.000000 1.000000 1.000000
1547.412964 0.000000 1321.268311 0.000000 0.824149 0.000000 -0.566373 1.000000 1.000000 1.000000
1727.385986 0.000000 1454.506714 0.000000 0.831430 0.000000 -0.555630 1.000000 1.000000 1.000000
1479.073364 0.000000 1660.906006 0.000000 0.557253 0.000000 -0.830343 1.000000 1.000000 1.000000
1479.904297 0.000000 1664.931641 0.000000 0.702977 0.000000 -0.711213 1.000000 1.000000 1.000000
1571.010742 0.000000 1671.480103 0.000000 0.514470 0.000000 -0.857508 1.000000 1.000000 1.000000
3963.250000 0.000000 622.049377 0.000000 0.691944 0.000000 -0.721951 1.000000 1.000000 1.000000
2541.833252 0.000000 1054.036377 0.000000 0.652880 0.000000 -0.757462 1.000000 1.000000 1.000000
2509.316650 0.000000 1083.770020 0.000000 0.798657 0.000000 -0.601786 1.000000 1.000000 1.000000
3270.257568 0.000000 2646.488281 0.000000 0.807150 0.000000 -0.590346 1.000000 1.000000 1.000000
"}
object={
	name="rock_desert_01_generator_5"
	render_pass=Map
	clamp_to_water_level=no
	generated_content=yes
	layer="grass_layer"
	pdxmesh="rock_desert_01_f_mesh"
	count=49
	transform="480.640350 0.000000 1157.763916 0.000000 0.266435 0.000000 -0.963853 1.000000 1.000000 1.000000
431.661316 0.000000 1277.904297 0.000000 0.119245 0.000000 -0.992865 1.000000 1.000000 1.000000
447.853119 0.000000 1252.061279 0.000000 0.003930 0.000000 -0.999992 1.000000 1.000000 1.000000
457.206207 0.000000 1270.529663 0.000000 0.161592 0.000000 -0.986858 1.000000 1.000000 1.000000
498.954041 0.000000 1225.875122 0.000000 0.475038 0.000000 -0.879965 1.000000 1.000000 1.000000
483.157715 0.000000 1238.718994 0.000000 0.411087 0.000000 -0.911596 1.000000 1.000000 1.000000
454.471191 0.000000 1335.567749 0.000000 0.170560 0.000000 -0.985347 1.000000 1.000000 1.000000
467.584137 0.000000 1352.695435 0.000000 0.074568 0.000000 -0.997216 1.000000 1.000000 1.000000
448.016693 0.000000 1362.249268 0.000000 0.247783 0.000000 -0.968816 1.000000 1.000000 1.000000
473.749176 0.000000 1358.205444 0.000000 0.012167 0.000000 -0.999926 1.000000 1.000000 1.000000
536.952759 0.000000 1046.082153 0.000000 0.274322 0.000000 -0.961638 1.000000 1.000000 1.000000
557.153198 0.000000 1060.139526 0.000000 0.444869 0.000000 -0.895595 1.000000 1.000000 1.000000
545.945862 0.000000 1052.917114 0.000000 0.304045 0.000000 -0.952658 1.000000 1.000000 1.000000
554.514771 0.000000 1051.186279 0.000000 0.287407 0.000000 -0.957809 1.000000 1.000000 1.000000
548.089172 0.000000 1043.107666 0.000000 0.399601 0.000000 -0.916689 1.000000 1.000000 1.000000
540.247314 0.000000 1058.465942 0.000000 0.348059 0.000000 -0.937473 1.000000 1.000000 1.000000
547.149902 0.000000 1046.765869 0.000000 0.114047 0.000000 -0.993475 1.000000 1.000000 1.000000
548.686279 0.000000 1045.398315 0.000000 0.418296 0.000000 -0.908311 1.000000 1.000000 1.000000
569.660583 0.000000 1116.907837 0.000000 0.436855 0.000000 -0.899532 1.000000 1.000000 1.000000
622.637939 0.000000 1122.784790 0.000000 0.026077 0.000000 -0.999660 1.000000 1.000000 1.000000
672.125305 0.000000 1151.483643 0.000000 0.071668 0.000000 -0.997429 1.000000 1.000000 1.000000
628.438660 0.000000 1266.248779 0.000000 0.308107 0.000000 -0.951352 1.000000 1.000000 1.000000
655.380737 0.000000 1205.837402 0.000000 0.019780 0.000000 -0.999804 1.000000 1.000000 1.000000
672.616943 0.000000 1221.748291 0.000000 0.167268 0.000000 -0.985912 1.000000 1.000000 1.000000
685.786560 0.000000 1218.711914 0.000000 0.164875 0.000000 -0.986315 1.000000 1.000000 1.000000
729.582092 0.000000 1268.394409 0.000000 0.239609 0.000000 -0.970869 1.000000 1.000000 1.000000
695.699463 0.000000 1314.978882 0.000000 0.085327 0.000000 -0.996353 1.000000 1.000000 1.000000
697.064697 0.000000 1316.949097 0.000000 0.187741 0.000000 -0.982219 1.000000 1.000000 1.000000
730.859985 0.000000 1329.188721 0.000000 0.110109 0.000000 -0.993920 1.000000 1.000000 1.000000
728.865967 0.000000 1328.380127 0.000000 0.470086 0.000000 -0.882621 1.000000 1.000000 1.000000
1569.557617 0.000000 1326.640503 0.000000 0.246867 0.000000 -0.969049 1.000000 1.000000 1.000000
1588.179932 0.000000 1337.503296 0.000000 0.377042 0.000000 -0.926196 1.000000 1.000000 1.000000
1573.203735 0.000000 1306.226318 0.000000 0.423989 0.000000 -0.905667 1.000000 1.000000 1.000000
1645.693970 0.000000 1322.988037 0.000000 0.208142 0.000000 -0.978099 1.000000 1.000000 1.000000
1724.688477 0.000000 1455.979858 0.000000 0.456243 0.000000 -0.889855 1.000000 1.000000 1.000000
1581.028320 0.000000 1699.983276 0.000000 0.425183 0.000000 -0.905107 1.000000 1.000000 1.000000
1580.177246 0.000000 1696.666138 0.000000 0.497988 0.000000 -0.867184 1.000000 1.000000 1.000000
1591.216797 0.000000 1701.893188 0.000000 0.474750 0.000000 -0.880121 1.000000 1.000000 1.000000
4013.039551 0.000000 580.785400 0.000000 0.073339 0.000000 -0.997307 1.000000 1.000000 1.000000
3991.758545 0.000000 637.677368 0.000000 0.423072 0.000000 -0.906096 1.000000 1.000000 1.000000
2509.123047 0.000000 1080.197998 0.000000 0.340293 0.000000 -0.940319 1.000000 1.000000 1.000000
2537.130371 0.000000 1025.821167 0.000000 0.099215 0.000000 -0.995066 1.000000 1.000000 1.000000
2540.329102 0.000000 1036.408569 0.000000 0.350728 0.000000 -0.936477 1.000000 1.000000 1.000000
2506.578857 0.000000 1080.822144 0.000000 0.075484 0.000000 -0.997147 1.000000 1.000000 1.000000
3673.259277 0.000000 1271.494995 0.000000 0.073017 0.000000 -0.997331 1.000000 1.000000 1.000000
3262.466309 0.000000 2636.750244 0.000000 0.343774 0.000000 -0.939052 1.000000 1.000000 1.000000
3254.951416 0.000000 2640.229492 0.000000 0.381897 0.000000 -0.924205 1.000000 1.000000 1.000000
3272.742676 0.000000 2636.451416 0.000000 0.300282 0.000000 -0.953851 1.000000 1.000000 1.000000
3267.955811 0.000000 2637.651123 0.000000 0.100607 0.000000 -0.994926 1.000000 1.000000 1.000000
"}
