object={
	name="tree_leaf_01_large_single_generator_1_0"
	render_pass=Map
	clamp_to_water_level=no
	generated_content=yes
	layer="tree_high_layer"
	pdxmesh="tree_leaf_01_single_a_mesh"
	count=719
	transform="2471.176514 0.000000 2233.655029 0.000000 0.705691 0.000000 -0.708519 1.600902 1.600902 1.600902
2469.066895 0.000000 2235.248291 0.000000 0.712141 0.000000 -0.702037 1.623050 1.623050 1.623050
2576.754150 0.000000 2192.886230 0.000000 0.665793 0.000000 -0.746136 1.452988 1.452988 1.452988
2597.035645 0.000000 2208.599121 0.000000 0.869618 0.000000 -0.493724 1.414438 1.414438 1.414438
2594.782471 0.000000 2201.077881 0.000000 0.208780 0.000000 0.977963 1.314409 1.314409 1.314409
2582.696777 0.000000 2216.008057 0.000000 0.012827 0.000000 0.999918 1.280202 1.280202 1.280202
2581.932861 0.000000 2198.670410 0.000000 0.997888 0.000000 -0.064958 1.406589 1.406589 1.406589
2584.072754 0.000000 2218.478027 0.000000 0.583921 0.000000 -0.811811 1.592025 1.592025 1.592025
2603.927002 0.000000 2191.003906 0.000000 0.948867 0.000000 -0.315677 1.433676 1.433676 1.433676
2602.281982 0.000000 2186.127686 0.000000 0.445628 0.000000 0.895218 1.303103 1.303103 1.303103
2591.497559 0.000000 2217.690430 0.000000 0.991905 0.000000 0.126980 1.378639 1.378639 1.378639
2578.807373 0.000000 2194.816162 0.000000 0.574509 0.000000 -0.818498 1.607771 1.607771 1.607771
2585.777832 0.000000 2219.656738 0.000000 0.651410 0.000000 -0.758726 1.574614 1.574614 1.574614
2588.246582 0.000000 2225.972900 0.000000 0.203208 0.000000 -0.979136 1.676948 1.676948 1.676948
2584.903809 0.000000 2216.749512 0.000000 0.348765 0.000000 -0.937210 1.624987 1.624987 1.624987
2592.338135 0.000000 2209.514648 0.000000 0.744760 0.000000 0.667332 1.195709 1.195709 1.195709
2596.871094 0.000000 2193.486572 0.000000 0.846783 0.000000 -0.531938 1.519584 1.519584 1.519584
2588.903076 0.000000 2203.447754 0.000000 0.365215 0.000000 -0.930923 1.659376 1.659376 1.659376
2593.588867 0.000000 2206.279541 0.000000 0.934750 0.000000 0.355306 1.280658 1.280658 1.280658
2595.079102 0.000000 2196.251953 0.000000 0.146840 0.000000 -0.989160 1.733332 1.733332 1.733332
2605.974854 0.000000 2184.228516 0.000000 0.688466 0.000000 0.725268 1.036984 1.036984 1.036984
2863.934570 0.000000 2197.412109 0.000000 0.985652 0.000000 -0.168793 1.402964 1.402964 1.402964
2853.004395 0.000000 2208.599121 0.000000 0.027417 0.000000 -0.999624 1.534859 1.534859 1.534859
2858.863770 0.000000 2197.248535 0.000000 0.854808 0.000000 -0.518944 1.422884 1.422884 1.422884
2858.563232 0.000000 2200.085693 0.000000 0.769143 0.000000 0.639077 1.327304 1.327304 1.327304
2854.453369 0.000000 2206.543701 0.000000 0.237426 0.000000 -0.971406 1.539570 1.539570 1.539570
2848.452393 0.000000 2202.143311 0.000000 0.741271 0.000000 -0.671205 1.484871 1.484871 1.484871
2860.297363 0.000000 2203.877197 0.000000 0.929219 0.000000 -0.369530 1.450271 1.450271 1.450271
2851.201172 0.000000 2203.128418 0.000000 0.990561 0.000000 0.137071 1.371164 1.371164 1.371164
2927.926758 0.000000 2261.396484 0.000000 0.704683 0.000000 0.709523 1.380701 1.380701 1.380701
2935.302734 0.000000 2297.203613 0.000000 0.359371 0.000000 0.933195 1.353741 1.353741 1.353741
2922.855957 0.000000 2261.232910 0.000000 0.411480 0.000000 -0.911419 1.456112 1.456112 1.456112
2943.007324 0.000000 2295.522949 0.000000 0.920062 0.000000 0.391773 1.371860 1.371860 1.371860
2891.431885 0.000000 2272.620605 0.000000 0.074847 0.000000 -0.997195 1.494110 1.494110 1.494110
2914.846680 0.000000 2247.339355 0.000000 0.586234 0.000000 0.810141 1.320781 1.320781 1.320781
2888.256104 0.000000 2262.761475 0.000000 0.482735 0.000000 0.875767 1.295576 1.295576 1.295576
2918.620605 0.000000 2257.302002 0.000000 0.510852 0.000000 0.859669 1.183030 1.183030 1.183030
2920.826172 0.000000 2259.395264 0.000000 0.905490 0.000000 0.424368 1.321878 1.321878 1.321878
2928.036377 0.000000 2258.770752 0.000000 0.430463 0.000000 0.902608 1.281955 1.281955 1.281955
2890.043945 0.000000 2274.916992 0.000000 0.383370 0.000000 -0.923595 1.523451 1.523451 1.523451
2936.509277 0.000000 2294.313477 0.000000 0.348402 0.000000 0.937345 1.272608 1.272608 1.272608
2913.206543 0.000000 2249.263428 0.000000 0.757025 0.000000 -0.653386 1.477151 1.477151 1.477151
2917.642578 0.000000 2250.590088 0.000000 0.758191 0.000000 -0.652033 1.489370 1.489370 1.489370
2918.017334 0.000000 2255.145508 0.000000 0.544168 0.000000 0.838976 1.191255 1.191255 1.191255
2920.445801 0.000000 2257.545898 0.000000 0.883302 0.000000 0.468804 1.297675 1.297675 1.297675
2888.942871 0.000000 2264.383545 0.000000 0.023828 0.000000 0.999716 1.102620 1.102620 1.102620
2997.160156 0.000000 2205.691650 0.000000 0.990493 0.000000 0.137564 1.391800 1.391800 1.391800
2996.557129 0.000000 2209.281738 0.000000 0.806371 0.000000 0.591410 1.333647 1.333647 1.333647
2999.166260 0.000000 2207.874268 0.000000 0.258889 0.000000 0.965907 1.290202 1.290202 1.290202
3023.001465 0.000000 2216.128662 0.000000 0.987912 0.000000 0.155018 1.390208 1.390208 1.390208
3016.893799 0.000000 2230.295410 0.000000 0.834638 0.000000 0.550799 1.361263 1.361263 1.361263
3026.385254 0.000000 2217.827393 0.000000 0.063072 0.000000 -0.998009 1.558088 1.558088 1.558088
3018.516357 0.000000 2232.540771 0.000000 0.998501 0.000000 -0.054725 1.405741 1.405741 1.405741
3015.956299 0.000000 2232.205322 0.000000 0.961420 0.000000 0.275085 1.347403 1.347403 1.347403
2960.995605 0.000000 2242.186279 0.000000 0.275229 0.000000 -0.961379 1.941878 1.941878 1.941878
2961.253174 0.000000 2240.678711 0.000000 0.164279 0.000000 0.986414 0.790738 0.790738 0.790738
5220.572266 0.000000 749.745728 0.000000 0.992808 0.000000 0.119720 1.364347 1.364347 1.364347
5228.583496 0.000000 740.217651 0.000000 0.956296 0.000000 -0.292400 1.412446 1.412446 1.412446
5212.036133 0.000000 756.237793 0.000000 0.641692 0.000000 -0.766962 1.430551 1.430551 1.430551
5231.541504 0.000000 743.276855 0.000000 0.966259 0.000000 -0.257572 1.542041 1.542041 1.542041
5227.169434 0.000000 743.906738 0.000000 0.889389 0.000000 -0.457150 1.446465 1.446465 1.446465
5219.519531 0.000000 752.802368 0.000000 0.990754 0.000000 0.135668 1.305822 1.305822 1.305822
5244.954590 0.000000 736.910339 0.000000 0.644555 0.000000 -0.764558 1.530807 1.530807 1.530807
5223.676270 0.000000 749.941040 0.000000 0.389639 0.000000 -0.920968 2.308267 2.308267 2.308267
5229.437988 0.000000 744.715149 0.000000 0.002693 0.000000 -0.999996 2.024809 2.024809 2.024809
5222.295898 0.000000 748.011475 0.000000 0.613233 0.000000 0.789902 0.693403 0.693403 0.693403
5225.012695 0.000000 744.892273 0.000000 0.997072 0.000000 -0.076475 1.410702 1.410702 1.410702
5227.014160 0.000000 746.426270 0.000000 0.754136 0.000000 -0.656718 1.622869 1.622869 1.622869
5216.857422 0.000000 757.796936 0.000000 0.914062 0.000000 -0.405574 1.544501 1.544501 1.544501
5214.150391 0.000000 761.881531 0.000000 0.150934 0.000000 -0.988544 1.801811 1.801811 1.801811
5218.998535 0.000000 750.963135 0.000000 0.157860 0.000000 -0.987462 1.799827 1.799827 1.799827
5221.063477 0.000000 751.523499 0.000000 0.676436 0.000000 0.736502 0.829962 0.829962 0.829962
5218.458984 0.000000 754.164062 0.000000 0.685647 0.000000 -0.727934 1.568128 1.568128 1.568128
5212.421387 0.000000 764.445068 0.000000 0.574207 0.000000 0.818710 0.910545 0.910545 0.910545
5213.498047 0.000000 766.296570 0.000000 0.218786 0.000000 0.975773 0.909196 0.909196 0.909196
5237.909668 0.000000 737.494080 0.000000 0.987175 0.000000 0.159639 1.349567 1.349567 1.349567
5235.601074 0.000000 739.123596 0.000000 0.477621 0.000000 -0.878566 2.033715 2.033715 2.033715
5217.962402 0.000000 752.167969 0.000000 0.711254 0.000000 -0.702935 1.585269 1.585269 1.585269
5215.382324 0.000000 758.306335 0.000000 0.468077 0.000000 0.883688 0.714435 0.714435 0.714435
5213.567871 0.000000 763.288635 0.000000 0.210948 0.000000 0.977497 0.279633 0.279633 0.279633
5228.430664 0.000000 745.811279 0.000000 0.702041 0.000000 0.712136 1.084215 1.084215 1.084215
5210.461914 0.000000 766.214844 0.000000 0.108606 0.000000 -0.994085 2.110269 2.110269 2.110269
5233.659180 0.000000 740.067871 0.000000 0.715089 0.000000 -0.699033 2.024951 2.024951 2.024951
5245.062012 0.000000 735.475586 0.000000 0.593622 0.000000 -0.804744 1.991659 1.991659 1.991659
5216.374023 0.000000 756.441467 0.000000 0.997492 0.000000 -0.070776 1.424511 1.424511 1.424511
5230.055176 0.000000 743.418762 0.000000 0.990747 0.000000 -0.135724 1.474232 1.474232 1.474232
5225.617188 0.000000 746.263733 0.000000 0.124774 0.000000 0.992185 0.414674 0.414674 0.414674
5226.429688 0.000000 745.087646 0.000000 0.047044 0.000000 -0.998893 2.486445 2.486445 2.486445
5230.076660 0.000000 740.253662 0.000000 0.218478 0.000000 0.975842 0.923243 0.923243 0.923243
5239.171387 0.000000 737.620178 0.000000 0.838845 0.000000 -0.544370 1.768187 1.768187 1.768187
5228.518555 0.000000 743.776794 0.000000 0.960996 0.000000 -0.276564 1.562581 1.562581 1.562581
5217.204102 0.000000 754.616943 0.000000 0.975401 0.000000 -0.220436 1.574013 1.574013 1.574013
5223.501953 0.000000 748.382324 0.000000 0.653946 0.000000 0.756541 0.734249 0.734249 0.734249
5241.877441 0.000000 737.745850 0.000000 0.305952 0.000000 -0.952047 2.236649 2.236649 2.236649
5212.990234 0.000000 761.630127 0.000000 0.992904 0.000000 -0.118917 1.466659 1.466659 1.466659
5210.817871 0.000000 767.349609 0.000000 0.853052 0.000000 0.521825 1.133286 1.133286 1.133286
5227.563965 0.000000 744.998901 0.000000 0.267650 0.000000 -0.963516 2.326807 2.326807 2.326807
5213.946777 0.000000 760.657104 0.000000 0.869607 0.000000 0.493744 1.111221 1.111221 1.111221
5222.802246 0.000000 749.274048 0.000000 0.967332 0.000000 -0.253514 1.598879 1.598879 1.598879
5235.043945 0.000000 738.134521 0.000000 0.379869 0.000000 -0.925040 2.097681 2.097681 2.097681
5230.689453 0.000000 742.546936 0.000000 0.699483 0.000000 -0.714649 1.834083 1.834083 1.834083
5213.220703 0.000000 765.240479 0.000000 0.591692 0.000000 -0.806164 1.878472 1.878472 1.878472
5214.375977 0.000000 758.631470 0.000000 0.304064 0.000000 0.952652 0.601727 0.601727 0.601727
5218.471680 0.000000 753.103271 0.000000 0.047879 0.000000 0.998853 0.346088 0.346088 0.346088
5234.612793 0.000000 739.573181 0.000000 0.227908 0.000000 -0.973683 2.192029 2.192029 2.192029
5215.791992 0.000000 757.313782 0.000000 0.188800 0.000000 0.982016 0.594004 0.594004 0.594004
5241.263672 0.000000 736.807129 0.000000 0.999922 0.000000 -0.012499 1.408300 1.408300 1.408300
5237.984863 0.000000 739.915344 0.000000 0.809848 0.000000 -0.586640 1.765920 1.765920 1.765920
5216.149902 0.000000 754.088013 0.000000 0.795887 0.000000 -0.605445 1.909150 1.909150 1.909150
5245.809082 0.000000 734.684509 0.000000 0.017656 0.000000 0.999844 0.417445 0.417445 0.417445
5232.650391 0.000000 740.398743 0.000000 0.226656 0.000000 0.973975 0.316367 0.316367 0.316367
5244.673340 0.000000 734.538940 0.000000 0.774766 0.000000 0.632248 0.966999 0.966999 0.966999
5216.837891 0.000000 755.555237 0.000000 0.984207 0.000000 0.177022 1.260672 1.260672 1.260672
5220.312500 0.000000 750.759277 0.000000 0.810167 0.000000 -0.586199 1.831279 1.831279 1.831279
5215.642578 0.000000 759.570129 0.000000 0.938350 0.000000 0.345686 1.176702 1.176702 1.176702
5239.817383 0.000000 736.828857 0.000000 0.535333 0.000000 -0.844641 2.043386 2.043386 2.043386
5218.944336 0.000000 752.006470 0.000000 0.937330 0.000000 -0.348442 1.646304 1.646304 1.646304
5212.993652 0.000000 762.555054 0.000000 0.854065 0.000000 0.520167 0.948763 0.948763 0.948763
5212.700195 0.000000 763.375000 0.000000 0.989988 0.000000 -0.141152 1.516821 1.516821 1.516821
5246.943359 0.000000 734.618835 0.000000 0.983656 0.000000 0.180060 1.255723 1.255723 1.255723
5374.458984 0.000000 693.674438 0.000000 0.442585 0.000000 -0.896727 1.652703 1.652703 1.652703
5372.656250 0.000000 702.295654 0.000000 0.879006 0.000000 -0.476811 1.544186 1.544186 1.544186
5373.592285 0.000000 701.503723 0.000000 0.190641 0.000000 0.981660 0.479424 0.479424 0.479424
5372.975586 0.000000 700.588684 0.000000 0.243054 0.000000 0.970013 0.515271 0.515271 0.515271
5374.898438 0.000000 696.872925 0.000000 0.994555 0.000000 0.104210 1.333589 1.333589 1.333589
5373.893066 0.000000 699.413391 0.000000 0.813427 0.000000 0.581667 0.972566 0.972566 0.972566
5255.526855 0.000000 733.152527 0.000000 0.129227 0.000000 -0.991615 1.420149 1.420149 1.420149
5288.718750 0.000000 747.351807 0.000000 0.946373 0.000000 0.323075 1.348258 1.348258 1.348258
5283.821777 0.000000 743.574524 0.000000 0.624469 0.000000 0.781049 1.233958 1.233958 1.233958
5290.737793 0.000000 748.781738 0.000000 0.900039 0.000000 0.435809 1.299129 1.299129 1.299129
5275.125000 0.000000 743.290283 0.000000 0.871986 0.000000 0.489531 1.307026 1.307026 1.307026
5273.676270 0.000000 738.804749 0.000000 0.381314 0.000000 0.924446 1.193859 1.193859 1.193859
5290.654297 0.000000 753.624512 0.000000 0.566830 0.000000 0.823835 0.652175 0.652175 0.652175
5282.117676 0.000000 742.542725 0.000000 0.876944 0.000000 0.480593 1.307131 1.307131 1.307131
5278.397949 0.000000 741.549438 0.000000 0.971386 0.000000 0.237506 1.343845 1.343845 1.343845
5267.541016 0.000000 739.790588 0.000000 0.996475 0.000000 -0.083896 1.416734 1.416734 1.416734
5285.577637 0.000000 744.149902 0.000000 0.961815 0.000000 0.273701 1.249805 1.249805 1.249805
5291.717285 0.000000 751.786133 0.000000 0.999999 0.000000 0.001351 1.399112 1.399112 1.399112
5291.121582 0.000000 750.362854 0.000000 0.947772 0.000000 0.318949 1.186695 1.186695 1.186695
5292.051758 0.000000 757.548706 0.000000 0.365154 0.000000 -0.930947 1.931331 1.931331 1.931331
5274.592773 0.000000 740.065796 0.000000 0.097605 0.000000 0.995225 0.365150 0.365150 0.365150
5264.829590 0.000000 734.163940 0.000000 0.995195 0.000000 -0.097915 1.429136 1.429136 1.429136
5266.601562 0.000000 736.483398 0.000000 0.228529 0.000000 -0.973537 2.393078 2.393078 2.393078
5263.727539 0.000000 735.481384 0.000000 0.973270 0.000000 -0.229662 1.531210 1.531210 1.531210
5254.779297 0.000000 734.495361 0.000000 0.250651 0.000000 -0.968078 2.408427 2.408427 2.408427
5276.628906 0.000000 740.005249 0.000000 0.703481 0.000000 0.710714 1.029761 1.029761 1.029761
5276.933105 0.000000 741.958679 0.000000 0.785090 0.000000 -0.619382 1.712838 1.712838 1.712838
5288.664062 0.000000 748.819702 0.000000 0.970930 0.000000 -0.239362 1.591772 1.591772 1.591772
5280.714844 0.000000 743.171143 0.000000 0.999834 0.000000 -0.018233 1.410006 1.410006 1.410006
5272.259766 0.000000 741.974915 0.000000 0.536694 0.000000 -0.843777 2.123088 2.123088 2.123088
5268.625977 0.000000 738.807190 0.000000 0.971568 0.000000 -0.236762 1.556230 1.556230 1.556230
5282.416016 0.000000 744.095459 0.000000 0.982473 0.000000 0.186403 1.282694 1.282694 1.282694
5252.965332 0.000000 735.967773 0.000000 0.569052 0.000000 -0.822302 2.081627 2.081627 2.081627
5268.060059 0.000000 736.969727 0.000000 0.088965 0.000000 0.996035 0.918368 0.918368 0.918368
5293.488770 0.000000 759.653015 0.000000 0.957621 0.000000 0.288032 1.244780 1.244780 1.244780
5271.319824 0.000000 740.805603 0.000000 0.877436 0.000000 0.479695 1.246118 1.246118 1.246118
5287.368652 0.000000 746.963867 0.000000 0.791842 0.000000 -0.610726 1.820213 1.820213 1.820213
5248.800293 0.000000 734.655212 0.000000 0.092042 0.000000 0.995755 0.376728 0.376728 0.376728
5269.245117 0.000000 736.134338 0.000000 0.010112 0.000000 -0.999949 1.907301 1.907301 1.907301
5285.988770 0.000000 746.677002 0.000000 0.853151 0.000000 0.521665 1.158313 1.158313 1.158313
5284.103027 0.000000 744.865112 0.000000 0.853781 0.000000 -0.520632 1.696658 1.696658 1.696658
5270.051270 0.000000 738.747559 0.000000 0.987631 0.000000 0.156795 1.307000 1.307000 1.307000
5262.496582 0.000000 734.998657 0.000000 0.576897 0.000000 -0.816817 1.941231 1.941231 1.941231
5264.289062 0.000000 736.842529 0.000000 0.267908 0.000000 0.963445 0.645989 0.645989 0.645989
5256.080078 0.000000 734.507141 0.000000 0.960203 0.000000 -0.279304 1.610736 1.610736 1.610736
5271.135742 0.000000 738.127563 0.000000 0.980312 0.000000 0.197453 1.282596 1.282596 1.282596
5265.583984 0.000000 737.175537 0.000000 0.072086 0.000000 0.997398 0.530488 0.530488 0.530488
5279.258789 0.000000 742.455627 0.000000 0.978626 0.000000 -0.205647 1.553474 1.553474 1.553474
5250.063477 0.000000 734.576172 0.000000 0.577756 0.000000 -0.816210 2.050765 2.050765 2.050765
5294.330078 0.000000 765.031799 0.000000 0.358075 0.000000 -0.933693 2.098901 2.098901 2.098901
5277.555176 0.000000 740.718445 0.000000 0.611403 0.000000 -0.791319 1.827589 1.827589 1.827589
5285.617676 0.000000 745.425964 0.000000 0.521634 0.000000 0.853170 0.846313 0.846313 0.846313
5291.792480 0.000000 754.063660 0.000000 0.918165 0.000000 -0.396199 1.626390 1.626390 1.626390
5296.675293 0.000000 767.320679 0.000000 0.886586 0.000000 -0.462564 1.626904 1.626904 1.626904
5254.052246 0.000000 735.512573 0.000000 0.678887 0.000000 -0.734243 2.031146 2.031146 2.031146
5258.115723 0.000000 734.495850 0.000000 0.583933 0.000000 -0.811802 1.946271 1.946271 1.946271
5290.792969 0.000000 752.506714 0.000000 0.064066 0.000000 -0.997946 2.563813 2.563813 2.563813
5273.785645 0.000000 740.857422 0.000000 0.367307 0.000000 -0.930100 2.260178 2.260178 2.260178
5267.990234 0.000000 737.987793 0.000000 0.047743 0.000000 -0.998860 2.528532 2.528532 2.528532
5290.641602 0.000000 754.667419 0.000000 0.378114 0.000000 -0.925759 2.057452 2.057452 2.057452
5259.126465 0.000000 734.103699 0.000000 0.991627 0.000000 -0.129134 1.474680 1.474680 1.474680
5250.640625 0.000000 735.580933 0.000000 0.041001 0.000000 -0.999159 2.442636 2.442636 2.442636
5251.959473 0.000000 735.859375 0.000000 0.784312 0.000000 -0.620367 1.856106 1.856106 1.856106
5294.824219 0.000000 761.512146 0.000000 0.925788 0.000000 -0.378044 1.631708 1.631708 1.631708
5289.630371 0.000000 748.447998 0.000000 0.243076 0.000000 0.970007 0.348534 0.348534 0.348534
5283.714844 0.000000 745.776794 0.000000 0.864458 0.000000 0.502705 1.070463 1.070463 1.070463
5291.602539 0.000000 753.097107 0.000000 0.182162 0.000000 0.983269 0.328164 0.328164 0.328164
5290.887207 0.000000 751.302185 0.000000 0.989757 0.000000 0.142760 1.305872 1.305872 1.305872
5278.356445 0.000000 743.838135 0.000000 0.999769 0.000000 0.021497 1.384070 1.384070 1.384070
5252.386719 0.000000 734.911438 0.000000 0.087558 0.000000 -0.996159 2.447122 2.447122 2.447122
5255.891602 0.000000 735.417786 0.000000 0.988337 0.000000 -0.152286 1.517021 1.517021 1.517021
5248.421387 0.000000 735.530090 0.000000 0.956023 0.000000 0.293293 1.194000 1.194000 1.194000
5273.052246 0.000000 741.447144 0.000000 0.536442 0.000000 -0.843937 2.123303 2.123303 2.123303
5295.743652 0.000000 763.302246 0.000000 0.996477 0.000000 -0.083868 1.474837 1.474837 1.474837
5274.671875 0.000000 741.173645 0.000000 0.712756 0.000000 -0.701412 1.946129 1.946129 1.946129
5257.173828 0.000000 734.329712 0.000000 0.954590 0.000000 -0.297922 1.625214 1.625214 1.625214
5288.804199 0.000000 749.701538 0.000000 0.761293 0.000000 0.648408 0.840261 0.840261 0.840261
5294.493652 0.000000 763.027039 0.000000 0.441943 0.000000 -0.897043 2.392010 2.392010 2.392010
5369.762695 0.000000 717.353638 0.000000 0.999845 0.000000 -0.017592 1.401845 1.401845 1.401845
5371.809570 0.000000 747.637573 0.000000 0.435730 0.000000 -0.900077 1.783611 1.783611 1.783611
5366.723633 0.000000 724.354431 0.000000 0.378654 0.000000 -0.925538 1.557049 1.557049 1.557049
5368.045898 0.000000 743.424377 0.000000 0.879320 0.000000 0.476231 1.318461 1.318461 1.318461
5372.243652 0.000000 752.151733 0.000000 0.238146 0.000000 -0.971229 2.306704 2.306704 2.306704
5369.768066 0.000000 745.714172 0.000000 0.199848 0.000000 0.979827 0.538347 0.538347 0.538347
5365.942383 0.000000 745.588013 0.000000 0.985310 0.000000 -0.170776 1.444987 1.444987 1.444987
5374.458984 0.000000 757.658813 0.000000 0.389806 0.000000 -0.920897 2.169044 2.169044 2.169044
5368.255859 0.000000 715.468506 0.000000 0.901463 0.000000 0.432856 1.260747 1.260747 1.260747
5367.331055 0.000000 722.244080 0.000000 0.259788 0.000000 -0.965666 1.866309 1.866309 1.866309
5369.031250 0.000000 749.357666 0.000000 0.232427 0.000000 0.972614 1.180495 1.180495 1.180495
5368.025391 0.000000 745.330933 0.000000 0.204105 0.000000 -0.978949 2.258918 2.258918 2.258918
5371.528320 0.000000 708.539612 0.000000 0.702425 0.000000 -0.711758 1.610380 1.610380 1.610380
5372.070801 0.000000 753.837402 0.000000 0.871822 0.000000 -0.489822 1.748880 1.748880 1.748880
5369.016602 0.000000 713.328674 0.000000 0.114382 0.000000 -0.993437 2.158340 2.158340 2.158340
5366.693848 0.000000 720.698181 0.000000 0.443087 0.000000 0.896479 0.906506 0.906506 0.906506
5373.380859 0.000000 751.006409 0.000000 0.062826 0.000000 0.998024 0.857142 0.857142 0.857142
5364.774902 0.000000 730.604614 0.000000 0.571272 0.000000 0.820761 0.747201 0.747201 0.747201
5368.829590 0.000000 706.967407 0.000000 0.883328 0.000000 0.468756 1.239708 1.239708 1.239708
5374.723145 0.000000 756.034119 0.000000 0.491719 0.000000 -0.870754 2.094371 2.094371 2.094371
5371.048340 0.000000 746.419556 0.000000 0.161431 0.000000 0.986884 0.917498 0.917498 0.917498
5366.823730 0.000000 718.909424 0.000000 0.580635 0.000000 -0.814164 1.985184 1.985184 1.985184
5371.583496 0.000000 705.214294 0.000000 0.351166 0.000000 0.936313 0.501952 0.501952 0.501952
5367.030273 0.000000 716.105286 0.000000 0.997017 0.000000 0.077185 1.344101 1.344101 1.344101
5366.135742 0.000000 723.056824 0.000000 0.111060 0.000000 -0.993814 1.920324 1.920324 1.920324
5368.706055 0.000000 746.650513 0.000000 0.887132 0.000000 -0.461515 1.668263 1.668263 1.668263
5370.606934 0.000000 751.321411 0.000000 0.335695 0.000000 -0.941971 2.121334 2.121334 2.121334
5370.828613 0.000000 748.665161 0.000000 0.502442 0.000000 -0.864611 2.100851 2.100851 2.100851
5364.610840 0.000000 720.720703 0.000000 0.918675 0.000000 -0.395015 1.539094 1.539094 1.539094
5368.541992 0.000000 708.827087 0.000000 0.883627 0.000000 -0.468192 1.703134 1.703134 1.703134
5369.979004 0.000000 709.403076 0.000000 0.254593 0.000000 -0.967048 2.217100 2.217100 2.217100
5367.960938 0.000000 721.072754 0.000000 0.951690 0.000000 -0.307060 1.538538 1.538538 1.538538
5373.262207 0.000000 753.333862 0.000000 0.250976 0.000000 0.967993 0.502315 0.502315 0.502315
5365.201172 0.000000 728.168152 0.000000 0.657532 0.000000 0.753427 0.737934 0.737934 0.737934
5372.050293 0.000000 750.884644 0.000000 0.111802 0.000000 0.993730 0.874843 0.874843 0.874843
5371.997559 0.000000 749.136780 0.000000 0.096404 0.000000 -0.995342 2.389323 2.389323 2.389323
5366.174805 0.000000 721.837402 0.000000 0.465605 0.000000 -0.884992 1.882272 1.882272 1.882272
5365.567871 0.000000 742.033020 0.000000 0.856834 0.000000 0.515593 1.080027 1.080027 1.080027
5369.934082 0.000000 710.647156 0.000000 0.791098 0.000000 0.611690 0.926097 0.926097 0.926097
5368.721680 0.000000 744.380554 0.000000 0.878450 0.000000 0.477833 1.086576 1.086576 1.086576
5365.915527 0.000000 730.542603 0.000000 0.988922 0.000000 0.148438 1.298976 1.298976 1.298976
5365.664062 0.000000 726.953918 0.000000 0.927256 0.000000 -0.374428 1.660227 1.660227 1.660227
5364.370117 0.000000 741.344666 0.000000 0.105824 0.000000 0.994385 0.550141 0.550141 0.550141
5367.305176 0.000000 714.983765 0.000000 0.508942 0.000000 -0.860801 1.921846 1.921846 1.921846
5370.114746 0.000000 749.471497 0.000000 0.923086 0.000000 -0.384595 1.664918 1.664918 1.664918
5370.795410 0.000000 705.902405 0.000000 0.265982 0.000000 0.963978 0.435566 0.435566 0.435566
5368.818848 0.000000 711.452271 0.000000 0.991955 0.000000 -0.126591 1.491391 1.491391 1.491391
5373.451660 0.000000 752.251465 0.000000 0.052972 0.000000 -0.998596 2.434468 2.434468 2.434468
5366.103027 0.000000 742.952393 0.000000 0.045142 0.000000 0.998981 0.205551 0.205551 0.205551
5364.661133 0.000000 735.055664 0.000000 0.706187 0.000000 0.708025 0.709840 0.709840 0.709840
5364.688965 0.000000 729.455933 0.000000 0.923984 0.000000 0.382430 1.095507 1.095507 1.095507
5372.517578 0.000000 754.725525 0.000000 0.935974 0.000000 -0.352070 1.625092 1.625092 1.625092
5367.110840 0.000000 743.063538 0.000000 0.331017 0.000000 0.943625 0.434338 0.434338 0.434338
5375.011230 0.000000 758.929016 0.000000 0.757938 0.000000 0.652326 0.952909 0.952909 0.952909
5364.536621 0.000000 731.596680 0.000000 0.966229 0.000000 -0.257686 1.576721 1.576721 1.576721
5364.365234 0.000000 726.127502 0.000000 0.724402 0.000000 -0.689378 1.915754 1.915754 1.915754
5370.643066 0.000000 704.895996 0.000000 0.951761 0.000000 0.306840 1.168911 1.168911 1.168911
5365.907715 0.000000 736.550781 0.000000 0.483265 0.000000 -0.875474 2.197642 2.197642 2.197642
5364.165527 0.000000 733.467346 0.000000 0.672111 0.000000 0.740450 0.662743 0.662743 0.662743
5365.083984 0.000000 737.998901 0.000000 0.597153 0.000000 -0.802127 2.096243 2.096243 2.096243
5365.117188 0.000000 733.012817 0.000000 0.714742 0.000000 -0.699388 2.084909 2.084909 2.084909
5365.795410 0.000000 734.144104 0.000000 0.659164 0.000000 -0.751999 2.146650 2.146650 2.146650
5375.845215 0.000000 690.960327 0.000000 0.007980 0.000000 -0.999968 1.416387 1.416387 1.416387
5415.191406 0.000000 679.282898 0.000000 0.330237 0.000000 -0.943898 1.827074 1.827074 1.827074
5400.751465 0.000000 676.574402 0.000000 0.998888 0.000000 -0.047137 1.401318 1.401318 1.401318
5419.145996 0.000000 679.922363 0.000000 0.297066 0.000000 0.954857 0.929785 0.929785 0.929785
5405.439941 0.000000 679.416321 0.000000 0.841208 0.000000 -0.540712 1.803339 1.803339 1.803339
5438.963867 0.000000 683.553467 0.000000 0.627669 0.000000 -0.778480 1.877135 1.877135 1.877135
5433.760254 0.000000 681.729797 0.000000 0.895739 0.000000 -0.444579 1.453138 1.453138 1.453138
5411.806152 0.000000 679.590149 0.000000 0.961824 0.000000 -0.273668 1.521110 1.521110 1.521110
5377.310059 0.000000 688.741516 0.000000 0.180619 0.000000 0.983553 1.249482 1.249482 1.249482
5403.109375 0.000000 679.305908 0.000000 0.917791 0.000000 0.397064 1.118855 1.118855 1.118855
5413.416016 0.000000 678.006531 0.000000 0.728446 0.000000 -0.685103 1.713917 1.713917 1.713917
5381.645020 0.000000 688.223022 0.000000 0.863112 0.000000 0.505012 1.248273 1.248273 1.248273
5424.968262 0.000000 677.382324 0.000000 0.502610 0.000000 -0.864513 1.626274 1.626274 1.626274
5410.102051 0.000000 678.558350 0.000000 0.595574 0.000000 0.803300 0.992457 0.992457 0.992457
5406.382324 0.000000 677.565063 0.000000 0.261818 0.000000 0.965117 1.103320 1.103320 1.103320
5407.322266 0.000000 679.750183 0.000000 0.878263 0.000000 -0.478178 1.699730 1.699730 1.699730
5417.043457 0.000000 678.905029 0.000000 0.048499 0.000000 0.998823 0.921144 0.921144 0.921144
5419.269531 0.000000 678.094177 0.000000 0.608254 0.000000 -0.793743 1.739714 1.739714 1.739714
5409.623047 0.000000 676.733704 0.000000 0.999957 0.000000 -0.009272 1.402690 1.402690 1.402690
5375.382812 0.000000 693.120056 0.000000 0.802409 0.000000 0.596775 1.254720 1.254720 1.254720
5415.830566 0.000000 677.674011 0.000000 0.649203 0.000000 -0.760615 1.841027 1.841027 1.841027
5416.503906 0.000000 676.051941 0.000000 0.876901 0.000000 0.480670 1.208973 1.208973 1.208973
5387.793457 0.000000 682.862488 0.000000 0.086629 0.000000 -0.996241 2.395911 2.395911 2.395911
5419.071777 0.000000 676.484070 0.000000 0.793615 0.000000 -0.608420 1.619464 1.619464 1.619464
5408.699219 0.000000 679.186768 0.000000 0.505734 0.000000 0.862689 0.839911 0.839911 0.839911
5377.080566 0.000000 690.181519 0.000000 0.423912 0.000000 -0.905703 2.017783 2.017783 2.017783
5399.415527 0.000000 679.426697 0.000000 0.757216 0.000000 0.653165 0.929823 0.929823 0.929823
5385.000488 0.000000 683.008667 0.000000 0.684801 0.000000 0.728730 1.006191 1.006191 1.006191
5395.361328 0.000000 681.403625 0.000000 0.879979 0.000000 0.475013 1.164715 1.164715 1.164715
5394.665039 0.000000 679.424927 0.000000 0.473498 0.000000 -0.880795 1.795449 1.795449 1.795449
5434.894043 0.000000 680.943909 0.000000 0.589945 0.000000 0.807444 1.032105 1.032105 1.032105
5412.720215 0.000000 676.722351 0.000000 0.961194 0.000000 -0.275872 1.525042 1.525042 1.525042
5411.900879 0.000000 678.244629 0.000000 0.492856 0.000000 -0.870111 1.861112 1.861112 1.861112
5438.820312 0.000000 680.696106 0.000000 0.702266 0.000000 0.711915 1.109261 1.109261 1.109261
5375.408203 0.000000 696.868225 0.000000 0.189774 0.000000 0.981828 0.522240 0.522240 0.522240
5420.495117 0.000000 679.792419 0.000000 0.811950 0.000000 -0.583727 1.659251 1.659251 1.659251
5379.479980 0.000000 690.435547 0.000000 0.596743 0.000000 0.802433 1.035411 1.035411 1.035411
5386.014648 0.000000 682.250732 0.000000 0.260672 0.000000 -0.965427 2.277143 2.277143 2.277143
5414.612305 0.000000 677.625854 0.000000 0.171384 0.000000 -0.985204 2.113678 2.113678 2.113678
5407.243164 0.000000 678.471252 0.000000 0.458024 0.000000 -0.888940 2.058295 2.058295 2.058295
5429.560059 0.000000 678.048645 0.000000 0.764449 0.000000 0.644684 0.964123 0.964123 0.964123
5384.605469 0.000000 684.113403 0.000000 0.298171 0.000000 0.954512 0.850439 0.850439 0.850439
5404.265137 0.000000 679.092773 0.000000 0.446721 0.000000 -0.894673 2.182062 2.182062 2.182062
5432.034180 0.000000 678.226501 0.000000 0.993901 0.000000 -0.110279 1.467976 1.467976 1.467976
5425.101562 0.000000 678.489380 0.000000 0.963316 0.000000 0.268371 1.230963 1.230963 1.230963
5422.666016 0.000000 678.562561 0.000000 0.990296 0.000000 -0.138973 1.478944 1.478944 1.478944
5403.448730 0.000000 678.282288 0.000000 0.452017 0.000000 0.892009 0.641378 0.641378 0.641378
5401.915039 0.000000 679.008423 0.000000 0.994148 0.000000 0.108026 1.309584 1.309584 1.309584
5398.270508 0.000000 679.096191 0.000000 0.798427 0.000000 0.602091 0.973183 0.973183 0.973183
5430.095215 0.000000 678.968018 0.000000 0.995707 0.000000 -0.092559 1.465767 1.465767 1.465767
5405.926758 0.000000 678.518555 0.000000 0.908364 0.000000 -0.418181 1.704608 1.704608 1.704608
5431.103027 0.000000 679.079163 0.000000 0.385816 0.000000 0.922576 0.566525 0.566525 0.566525
5401.135742 0.000000 678.385071 0.000000 0.203451 0.000000 -0.979085 2.541010 2.541010 2.541010
5386.945312 0.000000 682.426758 0.000000 0.808394 0.000000 -0.588642 1.822358 1.822358 1.822358
5436.731934 0.000000 680.200989 0.000000 0.236520 0.000000 -0.971627 2.470791 2.470791 2.470791
5379.371094 0.000000 688.185364 0.000000 0.975880 0.000000 0.218308 1.236157 1.236157 1.236157
5400.210938 0.000000 679.928955 0.000000 0.986516 0.000000 0.163662 1.262668 1.262668 1.262668
5436.922852 0.000000 681.889465 0.000000 0.074758 0.000000 -0.997202 2.602592 2.602592 2.602592
5461.106934 0.000000 694.189880 0.000000 0.221769 0.000000 0.975099 1.291703 1.291703 1.291703
5454.795410 0.000000 693.962402 0.000000 0.802706 0.000000 -0.596375 1.467000 1.467000 1.467000
5459.460938 0.000000 696.309509 0.000000 0.088679 0.000000 -0.996060 2.078559 2.078559 2.078559
5441.828125 0.000000 685.310669 0.000000 0.999266 0.000000 -0.038312 1.411385 1.411385 1.411385
5439.444824 0.000000 683.837463 0.000000 0.468628 0.000000 0.883396 0.820823 0.820823 0.820823
5459.371582 0.000000 692.992310 0.000000 0.631297 0.000000 -0.775541 1.641972 1.641972 1.641972
5463.579102 0.000000 701.661743 0.000000 0.664510 0.000000 0.747280 1.199415 1.199415 1.199415
5445.083984 0.000000 686.174011 0.000000 0.210365 0.000000 -0.977623 1.927183 1.927183 1.927183
5458.319336 0.000000 697.613281 0.000000 0.857772 0.000000 -0.514031 1.647192 1.647192 1.647192
5461.850586 0.000000 698.391296 0.000000 0.998008 0.000000 -0.063081 1.447213 1.447213 1.447213
5460.831543 0.000000 697.044617 0.000000 0.798209 0.000000 -0.602380 1.659849 1.659849 1.659849
5456.464844 0.000000 690.971497 0.000000 0.950016 0.000000 -0.312202 1.522073 1.522073 1.522073
5440.349609 0.000000 684.991638 0.000000 0.992540 0.000000 0.121918 1.363689 1.363689 1.363689
5451.835938 0.000000 689.002502 0.000000 0.602727 0.000000 0.797947 0.660531 0.660531 0.660531
5443.164062 0.000000 685.789856 0.000000 0.961186 0.000000 0.275902 1.200693 1.200693 1.200693
5439.974609 0.000000 682.376343 0.000000 0.999615 0.000000 -0.027762 1.414848 1.414848 1.414848
5453.957031 0.000000 688.333618 0.000000 0.812185 0.000000 -0.583400 1.720044 1.720044 1.720044
5463.097168 0.000000 703.321167 0.000000 0.985800 0.000000 -0.167921 1.478431 1.478431 1.478431
5459.715332 0.000000 697.759338 0.000000 0.194508 0.000000 -0.980901 2.029585 2.029585 2.029585
5448.258301 0.000000 686.386108 0.000000 0.991829 0.000000 -0.127576 1.447842 1.447842 1.447842
5456.057617 0.000000 692.261475 0.000000 0.781583 0.000000 0.623801 0.938551 0.938551 0.938551
5461.106445 0.000000 699.756409 0.000000 0.835596 0.000000 0.549345 0.964998 0.964998 0.964998
5452.822266 0.000000 688.347351 0.000000 0.942980 0.000000 0.332848 1.225660 1.225660 1.225660
5450.761719 0.000000 689.458496 0.000000 0.210887 0.000000 0.977510 0.312814 0.312814 0.312814
5444.998535 0.000000 685.041992 0.000000 0.558820 0.000000 -0.829289 1.861388 1.861388 1.861388
5455.469238 0.000000 690.573242 0.000000 0.766855 0.000000 0.641820 0.861716 0.861716 0.861716
5448.227539 0.000000 688.628418 0.000000 0.728670 0.000000 -0.684865 1.803433 1.803433 1.803433
5458.312012 0.000000 695.242737 0.000000 0.805550 0.000000 -0.592528 1.898738 1.898738 1.898738
5442.742676 0.000000 684.884155 0.000000 0.976526 0.000000 -0.215397 1.554794 1.554794 1.554794
5460.920410 0.000000 698.113770 0.000000 0.991679 0.000000 -0.128732 1.496555 1.496555 1.496555
5460.148438 0.000000 699.960510 0.000000 0.393073 0.000000 -0.919507 2.272745 2.272745 2.272745
5457.197754 0.000000 693.201355 0.000000 0.992350 0.000000 -0.123456 1.484790 1.484790 1.484790
5459.684570 0.000000 695.451050 0.000000 0.954191 0.000000 -0.299198 1.638953 1.638953 1.638953
5375.845215 0.000000 754.944702 0.000000 0.453435 0.000000 -0.891289 1.646100 1.646100 1.646100
5379.024414 0.000000 763.431946 0.000000 0.299760 0.000000 -0.954015 1.891300 1.891300 1.891300
5375.382812 0.000000 757.104431 0.000000 0.862571 0.000000 -0.505937 1.748566 1.748566 1.748566
5375.660156 0.000000 758.748535 0.000000 0.273266 0.000000 0.961939 0.585899 0.585899 0.585899
5377.139648 0.000000 761.649414 0.000000 0.695415 0.000000 -0.718609 1.929658 1.929658 1.929658
5379.787109 0.000000 766.040649 0.000000 0.883390 0.000000 -0.468639 1.616505 1.616505 1.616505
5378.267090 0.000000 766.326660 0.000000 0.994691 0.000000 0.102904 1.354241 1.354241 1.354241
5375.945801 0.000000 756.085144 0.000000 0.935575 0.000000 -0.353127 1.637152 1.637152 1.637152
5381.685547 0.000000 766.951111 0.000000 0.351315 0.000000 -0.936257 1.984501 1.984501 1.984501
5379.644531 0.000000 764.410767 0.000000 0.821620 0.000000 0.570035 0.893322 0.893322 0.893322
5375.513672 0.000000 759.773193 0.000000 0.999821 0.000000 0.018901 1.388108 1.388108 1.388108
5376.249023 0.000000 761.267090 0.000000 0.579095 0.000000 0.815260 0.770343 0.770343 0.770343
5378.813477 0.000000 764.236084 0.000000 0.218785 0.000000 0.975773 0.272094 0.272094 0.272094
5463.007324 0.000000 754.243713 0.000000 0.392601 0.000000 0.919709 1.183758 1.183758 1.183758
5462.063965 0.000000 718.147827 0.000000 0.758761 0.000000 0.651369 1.385123 1.385123 1.385123
5455.708984 0.000000 765.969543 0.000000 0.999071 0.000000 0.043094 1.364744 1.364744 1.364744
5461.401367 0.000000 748.450867 0.000000 0.757953 0.000000 0.652310 1.382614 1.382614 1.382614
5465.525879 0.000000 731.667480 0.000000 0.609176 0.000000 -0.793035 1.585646 1.585646 1.585646
5466.904785 0.000000 736.078430 0.000000 0.805929 0.000000 -0.592013 1.721085 1.721085 1.721085
5461.106934 0.000000 758.174255 0.000000 0.732721 0.000000 0.680529 1.271812 1.271812 1.271812
5456.712891 0.000000 761.144287 0.000000 0.124538 0.000000 0.992215 0.646987 0.646987 0.646987
5467.630371 0.000000 741.159485 0.000000 0.417401 0.000000 0.908722 1.121033 1.121033 1.121033
5464.931641 0.000000 711.142212 0.000000 0.750226 0.000000 0.661181 1.339403 1.339403 1.339403
5453.035645 0.000000 766.692200 0.000000 0.999893 0.000000 -0.014604 1.409188 1.409188 1.409188
5459.460938 0.000000 760.293884 0.000000 0.975418 0.000000 -0.220362 1.487753 1.487753 1.487753
5467.683105 0.000000 733.356812 0.000000 0.998415 0.000000 -0.056274 1.438768 1.438768 1.438768
5464.847168 0.000000 734.297058 0.000000 0.690854 0.000000 0.722995 1.224878 1.224878 1.224878
5467.645996 0.000000 738.544067 0.000000 0.928502 0.000000 -0.371327 1.550255 1.550255 1.550255
5455.552246 0.000000 763.456848 0.000000 0.849811 0.000000 0.527088 1.211780 1.211780 1.211780
5463.787109 0.000000 716.298157 0.000000 0.683268 0.000000 -0.730167 1.520163 1.520163 1.520163
5457.282227 0.000000 758.777283 0.000000 0.340930 0.000000 -0.940089 1.532500 1.532500 1.532500
5457.939453 0.000000 763.224121 0.000000 0.842425 0.000000 -0.538814 1.815670 1.815670 1.815670
5463.185547 0.000000 703.984619 0.000000 0.997442 0.000000 -0.071474 1.433254 1.433254 1.433254
5461.148438 0.000000 753.142700 0.000000 0.491071 0.000000 0.871119 0.993433 0.993433 0.993433
5454.868164 0.000000 767.802185 0.000000 0.374338 0.000000 0.927292 1.026576 1.026576 1.026576
5464.552734 0.000000 745.109009 0.000000 0.823602 0.000000 0.567169 0.967899 0.967899 0.967899
5454.065430 0.000000 765.276733 0.000000 0.353408 0.000000 -0.935469 2.389282 2.389282 2.389282
5466.034668 0.000000 741.896973 0.000000 0.353922 0.000000 0.935275 1.104195 1.104195 1.104195
5459.098145 0.000000 758.650940 0.000000 0.848085 0.000000 -0.529860 1.839161 1.839161 1.839161
5458.319336 0.000000 761.597656 0.000000 0.813673 0.000000 -0.581322 1.645011 1.645011 1.645011
5466.104980 0.000000 733.200562 0.000000 0.486444 0.000000 -0.873712 2.131776 2.131776 2.131776
5465.917480 0.000000 726.400635 0.000000 0.160975 0.000000 -0.986959 2.010713 2.010713 2.010713
5465.401367 0.000000 736.422241 0.000000 0.994832 0.000000 0.101539 1.364093 1.364093 1.364093
5467.413574 0.000000 726.747375 0.000000 0.703350 0.000000 0.710844 1.071129 1.071129 1.071129
5467.765137 0.000000 728.475098 0.000000 0.168744 0.000000 -0.985660 2.178714 2.178714 2.178714
5467.000977 0.000000 731.950256 0.000000 0.999661 0.000000 0.026018 1.382538 1.382538 1.382538
5466.518066 0.000000 737.536316 0.000000 0.373057 0.000000 0.927808 0.797672 0.797672 0.797672
5464.889648 0.000000 727.527832 0.000000 0.597565 0.000000 0.801821 0.996792 0.996792 0.996792
5466.588379 0.000000 734.582642 0.000000 0.573316 0.000000 0.819334 0.903278 0.903278 0.903278
5460.804688 0.000000 756.629456 0.000000 0.991614 0.000000 0.129235 1.323902 1.323902 1.323902
5461.628418 0.000000 754.917053 0.000000 0.322408 0.000000 0.946601 0.405492 0.405492 0.405492
5457.943848 0.000000 760.152466 0.000000 0.872625 0.000000 0.488390 1.134275 1.134275 1.134275
5462.842285 0.000000 752.823486 0.000000 0.754634 0.000000 0.656146 1.109827 1.109827 1.109827
5464.736816 0.000000 712.597717 0.000000 0.891478 0.000000 -0.453064 1.541335 1.541335 1.541335
5465.301758 0.000000 746.630493 0.000000 0.640586 0.000000 -0.767887 1.761097 1.761097 1.761097
5466.748535 0.000000 729.365295 0.000000 0.514581 0.000000 -0.857442 1.972558 1.972558 1.972558
5456.587402 0.000000 762.585571 0.000000 0.775860 0.000000 -0.630905 1.898720 1.898720 1.898720
5462.873535 0.000000 748.064575 0.000000 0.372892 0.000000 -0.927875 2.243386 2.243386 2.243386
5454.285645 0.000000 763.856079 0.000000 0.714442 0.000000 -0.699695 1.662739 1.662739 1.662739
5459.715332 0.000000 761.743713 0.000000 0.386332 0.000000 -0.922360 1.863733 1.863733 1.863733
5466.729492 0.000000 730.638794 0.000000 0.231105 0.000000 -0.972929 2.297615 2.297615 2.297615
5455.228027 0.000000 764.707153 0.000000 0.169281 0.000000 -0.985568 2.545586 2.545586 2.545586
5465.825684 0.000000 725.144714 0.000000 0.911269 0.000000 -0.411811 1.637359 1.637359 1.637359
5464.356934 0.000000 717.367249 0.000000 0.029871 0.000000 -0.999554 2.299425 2.299425 2.299425
5464.331543 0.000000 738.693909 0.000000 0.766248 0.000000 0.642545 1.058543 1.058543 1.058543
5456.773926 0.000000 763.743103 0.000000 0.998345 0.000000 -0.057510 1.442034 1.442034 1.442034
5463.493652 0.000000 705.250549 0.000000 0.353148 0.000000 -0.935567 2.004700 2.004700 2.004700
5465.396484 0.000000 722.917480 0.000000 0.987200 0.000000 -0.159486 1.490131 1.490131 1.490131
5453.726074 0.000000 767.762085 0.000000 0.843288 0.000000 -0.537463 1.756984 1.756984 1.756984
5462.063965 0.000000 703.913940 0.000000 0.012038 0.000000 -0.999928 2.124600 2.124600 2.124600
5463.823730 0.000000 708.685059 0.000000 0.499193 0.000000 -0.866491 2.271886 2.271886 2.271886
5464.624512 0.000000 725.084229 0.000000 0.682278 0.000000 0.731093 0.941477 0.941477 0.941477
5463.493164 0.000000 751.775879 0.000000 0.648987 0.000000 -0.760799 1.980171 1.980171 1.980171
5460.036133 0.000000 757.867615 0.000000 0.819464 0.000000 0.573130 1.041627 1.041627 1.041627
5465.907227 0.000000 742.992798 0.000000 0.316332 0.000000 0.948649 0.422186 0.422186 0.422186
5467.505859 0.000000 737.037903 0.000000 0.813997 0.000000 -0.580870 1.714113 1.714113 1.714113
5465.762207 0.000000 740.857422 0.000000 0.999873 0.000000 0.015920 1.390707 1.390707 1.390707
5460.824219 0.000000 754.173584 0.000000 0.950544 0.000000 -0.310590 1.652775 1.652775 1.652775
5467.710938 0.000000 731.181946 0.000000 0.054086 0.000000 0.998536 0.382196 0.382196 0.382196
5463.130371 0.000000 750.297791 0.000000 0.285182 0.000000 -0.958473 2.260046 2.260046 2.260046
5457.493164 0.000000 762.164856 0.000000 0.518295 0.000000 -0.855202 2.149439 2.149439 2.149439
5465.932617 0.000000 717.572021 0.000000 0.321503 0.000000 0.946909 0.674189 0.674189 0.674189
5458.312012 0.000000 759.227112 0.000000 0.242805 0.000000 -0.970075 2.442421 2.442421 2.442421
5462.034668 0.000000 707.435486 0.000000 0.984081 0.000000 0.177720 1.269484 1.269484 1.269484
5452.316406 0.000000 766.056946 0.000000 0.939304 0.000000 -0.343087 1.620322 1.620322 1.620322
5465.127930 0.000000 742.369446 0.000000 0.391720 0.000000 -0.920084 2.314679 2.314679 2.314679
5460.938477 0.000000 755.609863 0.000000 0.904750 0.000000 -0.425944 1.752177 1.752177 1.752177
5465.104492 0.000000 744.233459 0.000000 0.785283 0.000000 -0.619137 1.878372 1.878372 1.878372
5465.570312 0.000000 745.065430 0.000000 0.020497 0.000000 0.999790 0.289197 0.289197 0.289197
5467.891113 0.000000 732.449341 0.000000 0.847079 0.000000 0.531467 1.014185 1.014185 1.014185
5462.272461 0.000000 748.777527 0.000000 0.322872 0.000000 -0.946443 2.281247 2.281247 2.281247
5462.316406 0.000000 708.319641 0.000000 0.909375 0.000000 -0.415978 1.756878 1.756878 1.756878
5463.992676 0.000000 711.252502 0.000000 0.870632 0.000000 -0.491935 1.763115 1.763115 1.763115
5459.684570 0.000000 759.435425 0.000000 0.685943 0.000000 0.727655 0.759154 0.759154 0.759154
5454.798828 0.000000 765.781433 0.000000 0.965080 0.000000 0.261954 1.183227 1.183227 1.183227
5464.203125 0.000000 743.913330 0.000000 0.569556 0.000000 0.821952 0.644617 0.644617 0.644617
5464.228516 0.000000 718.940308 0.000000 0.672928 0.000000 0.739708 0.759755 0.759755 0.759755
5463.586426 0.000000 709.523376 0.000000 0.839275 0.000000 0.543707 0.921813 0.921813 0.921813
5462.808594 0.000000 709.983337 0.000000 0.990202 0.000000 -0.139646 1.516545 1.516545 1.516545
5212.140137 0.000000 783.123291 0.000000 0.840163 0.000000 0.542334 1.159583 1.159583 1.159583
5228.583496 0.000000 804.202026 0.000000 0.600195 0.000000 0.799854 1.289833 1.289833 1.289833
5212.872070 0.000000 769.536133 0.000000 0.683340 0.000000 0.730101 1.242662 1.242662 1.242662
5241.037109 0.000000 815.507446 0.000000 0.556114 0.000000 0.831106 1.187397 1.187397 1.187397
5220.654297 0.000000 796.852417 0.000000 0.914936 0.000000 0.403599 1.366603 1.366603 1.366603
5239.655762 0.000000 811.570618 0.000000 0.884665 0.000000 0.466226 1.376267 1.376267 1.376267
5215.959473 0.000000 791.693054 0.000000 0.992652 0.000000 0.121005 1.390673 1.390673 1.390673
5222.164551 0.000000 798.887573 0.000000 0.703349 0.000000 0.710845 1.217601 1.217601 1.217601
5212.335449 0.000000 777.916016 0.000000 0.616014 0.000000 0.787735 1.044898 1.044898 1.044898
5225.567871 0.000000 800.200012 0.000000 0.584058 0.000000 -0.811712 1.651575 1.651575 1.651575
5213.824219 0.000000 774.514221 0.000000 0.848247 0.000000 -0.529600 1.585322 1.585322 1.585322
5212.148926 0.000000 781.066772 0.000000 0.874452 0.000000 0.485111 1.219433 1.219433 1.219433
5231.091797 0.000000 811.501770 0.000000 0.918374 0.000000 -0.395713 1.472522 1.472522 1.472522
5223.888672 0.000000 799.615601 0.000000 0.809044 0.000000 0.587749 1.255069 1.255069 1.255069
5213.217285 0.000000 776.211975 0.000000 0.949261 0.000000 -0.314489 1.525235 1.525235 1.525235
5218.987305 0.000000 797.405701 0.000000 0.734160 0.000000 -0.678976 1.739128 1.739128 1.739128
5220.562988 0.000000 799.296875 0.000000 0.252832 0.000000 -0.967510 2.369927 2.369927 2.369927
5212.772949 0.000000 779.604309 0.000000 0.026321 0.000000 0.999654 0.752217 0.752217 0.752217
5238.175781 0.000000 812.193237 0.000000 0.730084 0.000000 0.683358 0.871451 0.871451 0.871451
5245.396484 0.000000 814.990784 0.000000 0.948255 0.000000 -0.317509 1.542291 1.542291 1.542291
5213.661133 0.000000 783.448425 0.000000 0.614832 0.000000 0.788658 1.018905 1.018905 1.018905
5213.883301 0.000000 777.669495 0.000000 0.902431 0.000000 -0.430834 1.574362 1.574362 1.574362
5230.376465 0.000000 809.982971 0.000000 0.555717 0.000000 0.831372 0.573188 0.573188 0.573188
5233.308105 0.000000 810.606873 0.000000 0.919590 0.000000 0.392879 1.191141 1.191141 1.191141
5235.520508 0.000000 812.708923 0.000000 0.998102 0.000000 0.061583 1.381262 1.381262 1.381262
5217.289551 0.000000 795.488098 0.000000 0.817332 0.000000 0.576167 1.185386 1.185386 1.185386
5228.430664 0.000000 809.795654 0.000000 0.986494 0.000000 0.163800 1.351117 1.351117 1.351117
5210.234375 0.000000 775.942993 0.000000 0.152416 0.000000 0.988316 0.626959 0.626959 0.626959
5210.111328 0.000000 785.948425 0.000000 0.713491 0.000000 0.700664 1.082533 1.082533 1.082533
5227.095215 0.000000 804.452820 0.000000 0.269276 0.000000 -0.963063 2.389125 2.389125 2.389125
5230.889648 0.000000 808.539185 0.000000 0.193569 0.000000 -0.981087 2.559051 2.559051 2.559051
5237.001465 0.000000 813.042297 0.000000 0.286970 0.000000 -0.957939 2.285631 2.285631 2.285631
5211.285645 0.000000 776.877441 0.000000 0.925760 0.000000 -0.378111 1.582961 1.582961 1.582961
5212.925781 0.000000 785.823181 0.000000 0.995495 0.000000 0.094814 1.357850 1.357850 1.357850
5239.670898 0.000000 812.977600 0.000000 0.964062 0.000000 0.265676 1.211086 1.211086 1.211086
5212.696289 0.000000 784.460083 0.000000 0.644909 0.000000 -0.764259 1.786133 1.786133 1.786133
5242.844238 0.000000 812.649536 0.000000 0.919296 0.000000 -0.393567 1.629039 1.629039 1.629039
5211.012207 0.000000 778.310242 0.000000 0.639680 0.000000 0.768641 1.081317 1.081317 1.081317
5210.162598 0.000000 769.141235 0.000000 0.244826 0.000000 -0.969567 2.311263 2.311263 2.311263
5212.113770 0.000000 788.249573 0.000000 0.999841 0.000000 0.017821 1.389410 1.389410 1.389410
5211.545898 0.000000 769.055054 0.000000 0.396347 0.000000 -0.918101 2.200961 2.200961 2.200961
5214.860840 0.000000 794.842102 0.000000 0.785125 0.000000 -0.619337 1.915905 1.915905 1.915905
5215.483887 0.000000 792.979858 0.000000 0.753638 0.000000 -0.657290 1.733404 1.733404 1.733404
5212.963379 0.000000 793.016907 0.000000 0.078055 0.000000 0.996949 0.758296 0.758296 0.758296
5225.878418 0.000000 803.875244 0.000000 0.415881 0.000000 -0.909419 2.254091 2.254091 2.254091
5228.518555 0.000000 807.761169 0.000000 0.455974 0.000000 0.889993 0.579235 0.579235 0.579235
5221.091309 0.000000 798.125305 0.000000 0.675324 0.000000 -0.737521 2.011661 2.011661 2.011661
5244.065918 0.000000 814.869019 0.000000 0.220966 0.000000 0.975282 0.806356 0.806356 0.806356
5244.013184 0.000000 813.121155 0.000000 0.227102 0.000000 -0.973871 1.986181 1.986181 1.986181
5211.922852 0.000000 786.585022 0.000000 0.993100 0.000000 -0.117269 1.443547 1.443547 1.443547
5211.249512 0.000000 784.190491 0.000000 0.532498 0.000000 -0.846431 1.812716 1.812716 1.812716
5212.897949 0.000000 782.134766 0.000000 0.506286 0.000000 -0.862366 1.836165 1.836165 1.836165
5213.940430 0.000000 792.180786 0.000000 0.111226 0.000000 -0.993795 2.027378 2.027378 2.027378
5240.767090 0.000000 812.125244 0.000000 0.820048 0.000000 -0.572295 1.791848 1.791848 1.791848
5210.936035 0.000000 780.903442 0.000000 0.029712 0.000000 0.999559 0.624368 0.624368 0.624368
5219.846191 0.000000 798.273010 0.000000 0.032318 0.000000 -0.999478 2.072152 2.072152 2.072152
5235.668945 0.000000 810.907715 0.000000 0.697438 0.000000 -0.716645 1.816093 1.816093 1.816093
5211.575684 0.000000 772.478027 0.000000 0.494446 0.000000 0.869208 0.803434 0.803434 0.803434
5232.257812 0.000000 811.185730 0.000000 0.535124 0.000000 -0.844774 1.920462 1.920462 1.920462
5246.371582 0.000000 815.672302 0.000000 0.988512 0.000000 0.151144 1.317272 1.317272 1.317272
5213.535645 0.000000 790.429871 0.000000 0.999021 0.000000 -0.044230 1.433403 1.433403 1.433403
5210.962891 0.000000 771.419006 0.000000 0.965664 0.000000 -0.259795 1.583713 1.583713 1.583713
5246.059570 0.000000 814.061584 0.000000 0.961379 0.000000 -0.275228 1.552029 1.552029 1.552029
5223.699219 0.000000 801.928162 0.000000 0.561014 0.000000 0.827807 0.677411 0.677411 0.677411
5211.750000 0.000000 780.057922 0.000000 0.108823 0.000000 -0.994061 2.135708 2.135708 2.135708
5216.612793 0.000000 797.792297 0.000000 0.858474 0.000000 0.512858 1.061207 1.061207 1.061207
5225.794922 0.000000 802.660706 0.000000 0.851506 0.000000 0.524344 0.987164 0.987164 0.987164
5213.305176 0.000000 788.549866 0.000000 0.811261 0.000000 0.584684 1.028941 1.028941 1.028941
5217.998047 0.000000 797.859558 0.000000 0.960817 0.000000 -0.277184 1.576699 1.576699 1.576699
5242.130371 0.000000 813.455872 0.000000 0.942819 0.000000 -0.333304 1.592404 1.592404 1.592404
5211.403809 0.000000 774.467041 0.000000 0.781307 0.000000 -0.624146 1.767517 1.767517 1.767517
5212.441895 0.000000 790.539124 0.000000 0.664182 0.000000 -0.747571 2.037483 2.037483 2.037483
5237.391602 0.000000 813.947571 0.000000 0.133114 0.000000 -0.991101 2.394664 2.394664 2.394664
5241.696289 0.000000 812.521301 0.000000 0.890864 0.000000 -0.454270 1.703261 1.703261 1.703261
5229.863770 0.000000 806.081543 0.000000 0.030611 0.000000 0.999531 0.247997 0.247997 0.247997
5224.985840 0.000000 803.192444 0.000000 0.757757 0.000000 0.652537 0.868251 0.868251 0.868251
5215.226074 0.000000 795.752869 0.000000 0.993249 0.000000 0.116000 1.310195 1.310195 1.310195
5226.714355 0.000000 805.289795 0.000000 0.218162 0.000000 -0.975913 2.429287 2.429287 2.429287
5239.428711 0.000000 813.881165 0.000000 0.973886 0.000000 -0.227038 1.560904 1.560904 1.560904
5238.760742 0.000000 812.959717 0.000000 0.528779 0.000000 0.848759 0.687892 0.687892 0.687892
5231.116211 0.000000 809.467102 0.000000 0.997104 0.000000 -0.076046 1.464118 1.464118 1.464118
5223.619141 0.000000 800.453857 0.000000 0.774854 0.000000 0.632140 0.892942 0.892942 0.892942
5230.183594 0.000000 809.102173 0.000000 0.699410 0.000000 0.714721 0.729312 0.729312 0.729312
5266.984863 0.000000 806.031799 0.000000 0.069581 0.000000 -0.997576 1.483949 1.483949 1.483949
5275.653809 0.000000 805.143860 0.000000 0.999512 0.000000 -0.031245 1.423265 1.423265 1.423265
5294.830078 0.000000 779.587341 0.000000 0.765723 0.000000 0.643171 0.911633 0.911633 0.911633
5288.537109 0.000000 787.754578 0.000000 0.660290 0.000000 0.751011 1.322794 1.322794 1.322794
5294.448730 0.000000 782.447205 0.000000 0.990352 0.000000 -0.138576 1.411662 1.411662 1.411662
5270.748047 0.000000 806.106812 0.000000 0.502499 0.000000 0.864578 0.669993 0.669993 0.669993
5278.358398 0.000000 801.362122 0.000000 0.445339 0.000000 -0.895362 1.721790 1.721790 1.721790
5267.892578 0.000000 808.081421 0.000000 0.903462 0.000000 0.428667 1.115091 1.115091 1.115091
5256.603516 0.000000 815.615112 0.000000 0.940265 0.000000 -0.340443 1.538416 1.538416 1.538416
5265.638672 0.000000 808.366211 0.000000 0.106091 0.000000 -0.994356 1.742952 1.742952 1.742952
5267.427246 0.000000 811.625000 0.000000 0.999978 0.000000 0.006655 1.398860 1.398860 1.398860
5268.769043 0.000000 806.424133 0.000000 0.926222 0.000000 -0.376979 1.533748 1.533748 1.533748
5279.926270 0.000000 803.928894 0.000000 0.801177 0.000000 -0.598428 1.785672 1.785672 1.785672
5253.107422 0.000000 814.142761 0.000000 0.943490 0.000000 0.331401 1.168597 1.168597 1.168597
5288.548340 0.000000 792.097534 0.000000 0.058582 0.000000 0.998283 0.839755 0.839755 0.839755
5274.058105 0.000000 805.881348 0.000000 0.997490 0.000000 0.070812 1.347238 1.347238 1.347238
5289.062988 0.000000 793.739075 0.000000 0.408230 0.000000 0.912879 0.973835 0.973835 0.973835
5292.056641 0.000000 784.998779 0.000000 0.096274 0.000000 0.995355 0.714627 0.714627 0.714627
5258.113281 0.000000 814.674438 0.000000 0.261067 0.000000 -0.965321 1.674022 1.674022 1.674022
5291.458008 0.000000 788.153992 0.000000 0.904483 0.000000 -0.426510 1.623312 1.623312 1.623312
5294.187500 0.000000 778.082458 0.000000 0.087033 0.000000 0.996205 0.362877 0.362877 0.362877
5282.979492 0.000000 797.405701 0.000000 0.211986 0.000000 0.977273 1.101153 1.101153 1.101153
5284.555176 0.000000 799.296875 0.000000 0.531706 0.000000 0.846929 1.156378 1.156378 1.156378
5290.522949 0.000000 784.541077 0.000000 0.795675 0.000000 0.605724 1.113448 1.113448 1.113448
5289.641602 0.000000 790.891724 0.000000 0.519684 0.000000 0.854359 0.605206 0.605206 0.605206
5297.210449 0.000000 772.166443 0.000000 0.906752 0.000000 -0.421664 1.635813 1.635813 1.635813
5264.218750 0.000000 809.175232 0.000000 0.921476 0.000000 0.388436 1.306579 1.306579 1.306579
5288.937012 0.000000 789.321228 0.000000 0.636397 0.000000 0.771362 1.104400 1.104400 1.104400
5295.418457 0.000000 781.171265 0.000000 0.432954 0.000000 0.901416 0.940755 0.940755 0.940755
5274.592773 0.000000 804.050171 0.000000 0.800410 0.000000 -0.599453 1.878559 1.878559 1.878559
5277.187012 0.000000 802.365234 0.000000 0.747908 0.000000 0.663802 0.988988 0.988988 0.988988
5286.230957 0.000000 794.552124 0.000000 0.227352 0.000000 -0.973813 2.248628 2.248628 2.248628
5276.628906 0.000000 803.989624 0.000000 0.933086 0.000000 0.359654 1.191690 1.191690 1.191690
5276.933105 0.000000 805.943054 0.000000 0.988434 0.000000 -0.151653 1.451614 1.451614 1.451614
5260.508301 0.000000 812.436523 0.000000 0.639957 0.000000 -0.768411 2.141247 2.141247 2.141247
5289.990234 0.000000 788.247681 0.000000 0.300660 0.000000 0.953731 0.975409 0.975409 0.975409
5248.098145 0.000000 815.621216 0.000000 0.670609 0.000000 -0.741811 1.914122 1.914122 1.914122
5272.259766 0.000000 805.959290 0.000000 0.740737 0.000000 0.671795 1.016378 1.016378 1.016378
5271.431152 0.000000 807.395447 0.000000 0.856921 0.000000 0.515448 1.021452 1.021452 1.021452
5294.424316 0.000000 775.342957 0.000000 0.717466 0.000000 -0.696594 1.760930 1.760930 1.760930
5267.376953 0.000000 809.372375 0.000000 0.794632 0.000000 -0.607091 1.819562 1.819562 1.819562
5269.082031 0.000000 808.827148 0.000000 0.370856 0.000000 0.928690 0.800633 0.800633 0.800633
5250.454590 0.000000 815.959412 0.000000 0.048864 0.000000 -0.998805 2.437271 2.437271 2.437271
5260.949219 0.000000 813.681335 0.000000 0.139500 0.000000 -0.990222 2.610248 2.610248 2.610248
5263.187500 0.000000 811.915039 0.000000 0.279769 0.000000 0.960067 0.828610 0.828610 0.828610
5297.445312 0.000000 774.417725 0.000000 0.393246 0.000000 -0.919433 1.881156 1.881156 1.881156
5279.135254 0.000000 802.919861 0.000000 0.115558 0.000000 -0.993301 2.274688 2.274688 2.274688
5256.281738 0.000000 814.354858 0.000000 0.335783 0.000000 0.941939 0.910561 0.910561 0.910561
5258.219238 0.000000 812.767822 0.000000 0.999032 0.000000 -0.043995 1.426764 1.426764 1.426764
5281.028320 0.000000 801.188232 0.000000 0.014069 0.000000 -0.999901 2.673199 2.673199 2.673199
5283.838379 0.000000 798.273010 0.000000 0.864195 0.000000 0.503157 1.022222 1.022222 1.022222
5264.983398 0.000000 810.648010 0.000000 0.745406 0.000000 0.666611 0.958805 0.958805 0.958805
5252.809570 0.000000 815.325256 0.000000 0.999670 0.000000 0.025691 1.382398 1.382398 1.382398
5259.346191 0.000000 812.139771 0.000000 0.943657 0.000000 0.330925 1.194878 1.194878 1.194878
5248.826172 0.000000 814.054565 0.000000 0.945006 0.000000 0.327052 1.195043 1.195043 1.195043
5253.907227 0.000000 814.970032 0.000000 0.922728 0.000000 -0.385453 1.671074 1.671074 1.671074
5262.607910 0.000000 810.892334 0.000000 0.997404 0.000000 -0.072004 1.431989 1.431989 1.431989
5295.299805 0.000000 778.510986 0.000000 0.795800 0.000000 0.605559 0.945301 0.945301 0.945301
5269.832520 0.000000 809.822754 0.000000 0.183275 0.000000 0.983062 0.702179 0.702179 0.702179
5297.482422 0.000000 773.246155 0.000000 0.998308 0.000000 -0.058140 1.431515 1.431515 1.431515
5250.621582 0.000000 814.744629 0.000000 0.905698 0.000000 -0.423923 1.698367 1.698367 1.698367
5273.785645 0.000000 804.841797 0.000000 0.166235 0.000000 0.986086 0.668936 0.668936 0.668936
5266.765625 0.000000 808.458862 0.000000 0.041089 0.000000 -0.999156 2.383764 2.383764 2.383764
5295.799316 0.000000 777.547485 0.000000 0.755439 0.000000 0.655219 0.928029 0.928029 0.928029
5264.254395 0.000000 811.688171 0.000000 0.110205 0.000000 -0.993909 2.283031 2.283031 2.283031
5270.286133 0.000000 807.064941 0.000000 0.974329 0.000000 0.225130 1.241266 1.241266 1.241266
5297.355469 0.000000 769.487793 0.000000 0.665988 0.000000 -0.745963 1.885572 1.885572 1.885572
5255.608887 0.000000 815.274902 0.000000 0.744356 0.000000 -0.667783 1.824256 1.824256 1.824256
5290.623047 0.000000 787.420471 0.000000 0.878292 0.000000 -0.478125 1.804238 1.804238 1.804238
5287.572266 0.000000 792.401367 0.000000 0.517772 0.000000 0.855519 0.818749 0.818749 0.818749
5278.181152 0.000000 802.467529 0.000000 0.291796 0.000000 -0.956481 2.166305 2.166305 2.166305
5288.657715 0.000000 791.078186 0.000000 0.975955 0.000000 -0.217971 1.570499 1.570499 1.570499
5258.477051 0.000000 813.770203 0.000000 0.725710 0.000000 0.688000 0.938571 0.938571 0.938571
5289.452148 0.000000 791.829102 0.000000 0.975228 0.000000 -0.221201 1.573067 1.573067 1.573067
5293.558594 0.000000 782.742798 0.000000 0.974923 0.000000 -0.222542 1.573350 1.573350 1.573350
5292.559082 0.000000 782.981201 0.000000 0.001465 0.000000 0.999999 0.187798 0.187798 0.187798
5294.074707 0.000000 778.976746 0.000000 0.388100 0.000000 -0.921617 2.219426 2.219426 2.219426
5274.671875 0.000000 805.158020 0.000000 0.735465 0.000000 0.677563 0.845783 0.845783 0.845783
5292.337891 0.000000 783.972046 0.000000 0.912169 0.000000 -0.409814 1.726159 1.726159 1.726159
5291.516113 0.000000 787.257874 0.000000 0.995304 0.000000 -0.096796 1.478613 1.478613 1.478613
5261.366699 0.000000 812.208618 0.000000 0.560489 0.000000 0.828162 0.574621 0.574621 0.574621
5288.736328 0.000000 790.213318 0.000000 0.875173 0.000000 0.483811 1.008154 1.008154 1.008154
5260.261719 0.000000 813.216492 0.000000 0.263816 0.000000 -0.964573 2.502811 2.502811 2.502811
5433.754883 0.000000 781.338013 0.000000 0.677463 0.000000 -0.735557 1.662873 1.662873 1.662873
5425.103027 0.000000 781.294250 0.000000 0.887781 0.000000 0.460267 1.122494 1.122494 1.122494
5390.083496 0.000000 778.977600 0.000000 0.336417 0.000000 -0.941713 1.438619 1.438619 1.438619
5437.358398 0.000000 778.080322 0.000000 0.428564 0.000000 -0.903511 1.959789 1.959789 1.959789
5430.040039 0.000000 779.076355 0.000000 0.505612 0.000000 0.862761 1.065356 1.065356 1.065356
5379.513184 0.000000 769.066101 0.000000 0.046059 0.000000 0.998939 1.325392 1.325392 1.325392
5383.428223 0.000000 769.150391 0.000000 0.834301 0.000000 0.551309 1.273462 1.273462 1.273462
5412.933594 0.000000 781.544800 0.000000 0.923316 0.000000 -0.384042 1.610787 1.610787 1.610787
5387.830078 0.000000 776.679993 0.000000 0.477214 0.000000 0.878787 0.991096 0.991096 0.991096
5434.324219 0.000000 778.365662 0.000000 0.974228 0.000000 0.225564 1.252883 1.252883 1.252883
5385.005859 0.000000 771.793091 0.000000 0.879742 0.000000 0.475451 1.360169 1.360169 1.360169
5427.948730 0.000000 781.091919 0.000000 0.631638 0.000000 0.775263 0.782966 0.782966 0.782966
5392.675781 0.000000 778.101990 0.000000 0.745168 0.000000 -0.666877 1.573502 1.573502 1.573502
5410.161621 0.000000 781.809814 0.000000 0.988404 0.000000 0.151848 1.314220 1.314220 1.314220
5431.168457 0.000000 781.504272 0.000000 0.999718 0.000000 0.023757 1.388706 1.388706 1.388706
5415.317383 0.000000 782.298584 0.000000 0.950678 0.000000 0.310180 1.321736 1.321736 1.321736
5432.248047 0.000000 779.452881 0.000000 0.449544 0.000000 0.893258 0.925152 0.925152 0.925152
5389.361816 0.000000 775.025024 0.000000 0.884809 0.000000 0.465954 1.325457 1.325457 1.325457
5413.712891 0.000000 783.504883 0.000000 0.517652 0.000000 -0.855591 1.744492 1.744492 1.744492
5386.507324 0.000000 775.210815 0.000000 0.941633 0.000000 -0.336641 1.582409 1.582409 1.582409
5424.448730 0.000000 778.450378 0.000000 0.335816 0.000000 0.941928 1.189633 1.189633 1.189633
5428.159668 0.000000 778.740173 0.000000 0.159351 0.000000 0.987222 1.040048 1.040048 1.040048
5396.786621 0.000000 777.517944 0.000000 0.232518 0.000000 0.972592 1.012390 1.012390 1.012390
5437.660645 0.000000 776.329712 0.000000 0.441902 0.000000 -0.897063 1.866847 1.866847 1.866847
5411.419434 0.000000 780.633118 0.000000 0.898413 0.000000 -0.439151 1.655843 1.655843 1.655843
5385.698730 0.000000 773.332581 0.000000 0.407494 0.000000 -0.913208 2.047743 2.047743 2.047743
5421.795410 0.000000 780.907715 0.000000 0.767684 0.000000 -0.640829 1.929993 1.929993 1.929993
5429.559570 0.000000 781.279480 0.000000 0.068419 0.000000 -0.997657 2.345157 2.345157 2.345157
5418.337402 0.000000 780.068420 0.000000 0.777378 0.000000 0.629033 0.886397 0.886397 0.886397
5411.669922 0.000000 782.714844 0.000000 0.521618 0.000000 -0.853179 1.628623 1.628623 1.628623
5386.616211 0.000000 777.786255 0.000000 0.219529 0.000000 0.975606 0.885890 0.885890 0.885890
5404.749512 0.000000 779.604309 0.000000 0.736811 0.000000 -0.676099 1.612790 1.612790 1.612790
5423.402832 0.000000 781.171265 0.000000 0.991870 0.000000 0.127252 1.320616 1.320616 1.320616
5435.822266 0.000000 778.101929 0.000000 0.330892 0.000000 0.943669 0.602381 0.602381 0.602381
5419.092773 0.000000 781.889221 0.000000 0.617544 0.000000 0.786536 0.716629 0.716629 0.716629
5434.372070 0.000000 779.944580 0.000000 0.880394 0.000000 -0.474243 1.719491 1.719491 1.719491
5437.341797 0.000000 779.684937 0.000000 0.891363 0.000000 -0.453291 1.633493 1.633493 1.633493
5391.847656 0.000000 776.833313 0.000000 0.971577 0.000000 0.236724 1.223748 1.223748 1.223748
5438.693359 0.000000 777.472534 0.000000 0.060454 0.000000 0.998171 0.423427 0.423427 0.423427
5378.660156 0.000000 767.892090 0.000000 0.112624 0.000000 0.993638 0.752844 0.752844 0.752844
5410.027344 0.000000 780.163818 0.000000 0.802865 0.000000 -0.596161 1.759416 1.759416 1.759416
5431.022461 0.000000 780.089661 0.000000 0.577214 0.000000 0.816593 0.945818 0.945818 0.945818
5416.145508 0.000000 781.166077 0.000000 0.358737 0.000000 -0.933439 2.085866 2.085866 2.085866
5416.959961 0.000000 780.014893 0.000000 0.981385 0.000000 -0.192048 1.510096 1.510096 1.510096
5402.988770 0.000000 778.310242 0.000000 0.384960 0.000000 0.922933 0.787754 0.787754 0.787754
5432.421387 0.000000 780.852905 0.000000 0.621665 0.000000 0.783284 1.113768 1.113768 1.113768
5395.587891 0.000000 778.164917 0.000000 0.959373 0.000000 -0.282140 1.513966 1.513966 1.513966
5412.654297 0.000000 780.124268 0.000000 0.640257 0.000000 0.768161 0.931569 0.931569 0.931569
5393.999023 0.000000 777.799500 0.000000 0.281411 0.000000 -0.959587 2.114410 2.114410 2.114410
5426.567383 0.000000 781.242310 0.000000 0.296431 0.000000 -0.955054 2.283224 2.283224 2.283224
5389.105469 0.000000 777.706177 0.000000 0.220259 0.000000 0.975441 0.424204 0.424204 0.424204
5389.032715 0.000000 776.249756 0.000000 0.043044 0.000000 -0.999073 2.505319 2.505319 2.505319
5435.366699 0.000000 779.203430 0.000000 0.177020 0.000000 -0.984207 2.300618 2.300618 2.300618
5397.824707 0.000000 778.124329 0.000000 0.109145 0.000000 0.994026 0.557187 0.557187 0.557187
5405.585938 0.000000 780.436584 0.000000 0.355361 0.000000 0.934729 0.788042 0.788042 0.788042
5433.159668 0.000000 778.505005 0.000000 0.997754 0.000000 0.066985 1.371181 1.371181 1.371181
5436.676270 0.000000 777.082642 0.000000 0.745278 0.000000 0.666754 1.093888 1.093888 1.093888
5414.908691 0.000000 781.224243 0.000000 0.350025 0.000000 -0.936740 2.014848 2.014848 2.014848
5399.586914 0.000000 779.188293 0.000000 0.567236 0.000000 -0.823555 2.022306 2.022306 2.022306
5425.474609 0.000000 780.263123 0.000000 0.847232 0.000000 -0.531223 1.724936 1.724936 1.724936
5393.050781 0.000000 777.063660 0.000000 0.559658 0.000000 -0.828724 1.942852 1.942852 1.942852
5403.890625 0.000000 778.925781 0.000000 0.001381 0.000000 0.999999 0.582680 0.582680 0.582680
5386.513672 0.000000 774.097839 0.000000 0.999566 0.000000 0.029448 1.384353 1.384353 1.384353
5436.567383 0.000000 778.896606 0.000000 0.905431 0.000000 0.424494 1.182414 1.182414 1.182414
5401.985840 0.000000 778.710449 0.000000 0.793139 0.000000 0.609041 0.898750 0.898750 0.898750
5387.548828 0.000000 775.680054 0.000000 0.880146 0.000000 -0.474704 1.662778 1.662778 1.662778
5382.235840 0.000000 771.304382 0.000000 0.852118 0.000000 -0.523349 1.754210 1.754210 1.754210
5428.728516 0.000000 781.923889 0.000000 0.424122 0.000000 -0.905605 2.112681 2.112681 2.112681
5429.954590 0.000000 780.181152 0.000000 0.814830 0.000000 -0.579700 1.789029 1.789029 1.789029
5411.620117 0.000000 781.648315 0.000000 0.361984 0.000000 0.932184 0.724508 0.724508 0.724508
5384.653320 0.000000 773.699036 0.000000 0.989194 0.000000 -0.146615 1.482802 1.482802 1.482802
5418.981445 0.000000 780.856201 0.000000 0.673450 0.000000 -0.739233 2.028071 2.028071 2.028071
5390.070801 0.000000 777.867737 0.000000 0.832891 0.000000 -0.553437 1.832522 1.832522 1.832522
5420.949219 0.000000 780.448853 0.000000 0.593118 0.000000 -0.805115 2.113083 2.113083 2.113083
5400.733887 0.000000 779.932434 0.000000 0.088978 0.000000 0.996034 0.265845 0.265845 0.265845
5407.814941 0.000000 780.382629 0.000000 0.903152 0.000000 -0.429321 1.752065 1.752065 1.752065
5401.666992 0.000000 779.672485 0.000000 0.424992 0.000000 0.905197 0.533640 0.533640 0.533640
5419.933594 0.000000 781.479126 0.000000 0.961495 0.000000 -0.274821 1.610182 1.610182 1.610182
5406.965332 0.000000 781.883728 0.000000 0.356330 0.000000 0.934360 0.442792 0.442792 0.442792
5390.958984 0.000000 776.482239 0.000000 0.460391 0.000000 0.887716 0.594406 0.594406 0.594406
5400.190918 0.000000 778.474182 0.000000 0.087951 0.000000 0.996125 0.265055 0.265055 0.265055
5421.604004 0.000000 781.846008 0.000000 0.975829 0.000000 -0.218534 1.567866 1.567866 1.567866
5450.717773 0.000000 768.599365 0.000000 0.690775 0.000000 0.723070 0.840666 0.840666 0.840666
5441.653809 0.000000 777.274353 0.000000 0.559211 0.000000 -0.829025 1.622043 1.622043 1.622043
5446.124512 0.000000 772.499939 0.000000 0.980134 0.000000 0.198338 1.318351 1.318351 1.318351
5453.743652 0.000000 769.380493 0.000000 0.960915 0.000000 -0.276842 1.514709 1.514709 1.514709
5448.998047 0.000000 771.793091 0.000000 0.845084 0.000000 0.534634 1.017523 1.017523 1.017523
5451.615723 0.000000 770.854248 0.000000 0.057204 0.000000 -0.998362 1.765020 1.765020 1.765020
5439.408203 0.000000 777.061401 0.000000 0.173295 0.000000 0.984870 0.496936 0.496936 0.496936
5444.700684 0.000000 773.841370 0.000000 0.999325 0.000000 0.036730 1.369953 1.369953 1.369953
5443.203125 0.000000 775.477966 0.000000 0.862923 0.000000 -0.505335 1.633306 1.633306 1.633306
5449.209961 0.000000 769.816895 0.000000 0.934565 0.000000 -0.355792 1.469927 1.469927 1.469927
5452.558105 0.000000 767.907043 0.000000 0.945768 0.000000 0.324843 1.191855 1.191855 1.191855
5447.303223 0.000000 771.025391 0.000000 0.164992 0.000000 -0.986295 1.984394 1.984394 1.984394
5447.836914 0.000000 773.071045 0.000000 0.207342 0.000000 0.978268 0.843056 0.843056 0.843056
5452.251465 0.000000 769.376953 0.000000 0.250831 0.000000 0.968031 0.861328 0.861328 0.861328
5451.072266 0.000000 769.748901 0.000000 0.883167 0.000000 -0.469058 1.737872 1.737872 1.737872
5440.524902 0.000000 774.226196 0.000000 0.997342 0.000000 -0.072860 1.456074 1.456074 1.456074
5448.418457 0.000000 770.650208 0.000000 0.888076 0.000000 0.459697 1.076121 1.076121 1.076121
5444.847656 0.000000 772.558044 0.000000 0.957764 0.000000 -0.287554 1.638550 1.638550 1.638550
5445.779785 0.000000 773.551453 0.000000 0.291062 0.000000 0.956704 0.356840 0.356840 0.356840
5450.138184 0.000000 769.550842 0.000000 0.883330 0.000000 0.468751 1.062369 1.062369 1.062369
5448.067383 0.000000 771.571899 0.000000 0.942720 0.000000 0.333586 1.169387 1.169387 1.169387
"}
