object={
	name="tree_cedar_01_generator_0"
	render_pass=Map
	clamp_to_water_level=no
	generated_content=yes
	layer="tree_high_layer"
	pdxmesh="tree_cedar_01_a_mesh"
	count=14
	transform="2334.445312 0.000000 2539.584717 0.000000 0.272351 0.000000 0.962198 1.000000 1.000000 1.000000
2349.789307 0.000000 2536.277588 0.000000 0.998426 0.000000 -0.056093 1.000000 1.000000 1.000000
2352.238281 0.000000 2525.966797 0.000000 0.374588 0.000000 0.927191 1.000000 1.000000 1.000000
2335.203857 0.000000 2541.884033 0.000000 0.938229 0.000000 0.346016 1.000000 1.000000 1.000000
2336.476074 0.000000 2540.219971 0.000000 0.385864 0.000000 0.922556 1.000000 1.000000 1.000000
2363.450928 0.000000 2517.144531 0.000000 0.030698 0.000000 0.999529 1.000000 1.000000 1.000000
2355.733154 0.000000 2524.638916 0.000000 0.061861 0.000000 0.998085 1.000000 1.000000 1.000000
2348.781982 0.000000 2537.373779 0.000000 0.910228 0.000000 0.414108 1.000000 1.000000 1.000000
2354.941895 0.000000 2508.820557 0.000000 0.854351 0.000000 -0.519696 1.000000 1.000000 1.000000
2354.719238 0.000000 2527.271729 0.000000 0.871246 0.000000 0.490846 1.000000 1.000000 1.000000
2377.466309 0.000000 2528.667236 0.000000 0.518837 0.000000 0.854873 1.000000 1.000000 1.000000
2377.005371 0.000000 2520.321045 0.000000 0.329543 0.000000 0.944141 1.000000 1.000000 1.000000
2374.679199 0.000000 2520.200195 0.000000 0.959955 0.000000 -0.280154 1.000000 1.000000 1.000000
2377.692871 0.000000 2521.728271 0.000000 0.672792 0.000000 0.739832 1.000000 1.000000 1.000000
"}
object={
	name="tree_cedar_01_generator_1"
	render_pass=Map
	clamp_to_water_level=no
	generated_content=yes
	layer="tree_high_layer"
	pdxmesh="tree_cedar_01_b_mesh"
	count=5
	transform="2337.388184 0.000000 2538.018555 0.000000 0.608515 0.000000 -0.793543 1.000000 1.000000 1.000000
2348.584473 0.000000 2539.827393 0.000000 0.552306 0.000000 -0.833641 1.000000 1.000000 1.000000
2337.722412 0.000000 2540.339600 0.000000 0.525474 0.000000 -0.850810 1.000000 1.000000 1.000000
2376.318604 0.000000 2518.698975 0.000000 0.651239 0.000000 -0.758873 1.000000 1.000000 1.000000
2386.830811 0.000000 2514.738037 0.000000 0.550195 0.000000 -0.835036 1.000000 1.000000 1.000000
"}
object={
	name="tree_cedar_01_generator_2"
	render_pass=Map
	clamp_to_water_level=no
	generated_content=yes
	layer="tree_high_layer"
	pdxmesh="tree_cedar_01_c_mesh"
	count=9
	transform="2353.477783 0.000000 2508.872314 0.000000 0.437427 0.000000 -0.899254 1.000000 1.000000 1.000000
2362.582520 0.000000 2515.734863 0.000000 0.309716 0.000000 -0.950829 1.000000 1.000000 1.000000
2354.815674 0.000000 2525.930176 0.000000 0.230927 0.000000 -0.972971 1.000000 1.000000 1.000000
2336.494629 0.000000 2541.516357 0.000000 0.302568 0.000000 -0.953128 1.000000 1.000000 1.000000
2348.383545 0.000000 2538.564941 0.000000 0.268235 0.000000 -0.963354 1.000000 1.000000 1.000000
2375.713379 0.000000 2521.512451 0.000000 0.354804 0.000000 -0.934941 1.000000 1.000000 1.000000
2389.400635 0.000000 2516.898438 0.000000 0.391929 0.000000 -0.919995 1.000000 1.000000 1.000000
2386.087891 0.000000 2516.459229 0.000000 0.268249 0.000000 -0.963350 1.000000 1.000000 1.000000
2387.214355 0.000000 2517.881348 0.000000 0.251445 0.000000 -0.967871 1.000000 1.000000 1.000000
"}
object={
	name="tree_cedar_01_generator_3"
	render_pass=Map
	clamp_to_water_level=no
	generated_content=yes
	layer="tree_high_layer"
	pdxmesh="tree_cedar_01_d_mesh"
	count=0
}
