object={
	name="tree_leaf_large_high_generator_1_0"
	render_pass=Map
	clamp_to_water_level=no
	generated_content=yes
	layer="tree_high_layer"
	pdxmesh="tree_leaf_01_a_mesh"
	count=74
	transform="3023.604248 0.000000 2141.614014 0.000000 0.183200 0.000000 0.983076 0.436901 0.436901 0.436901
3018.150391 0.000000 2139.321045 0.000000 0.121797 0.000000 0.992555 0.384776 0.384776 0.384776
3010.242188 0.000000 2134.785156 0.000000 0.999981 0.000000 0.006232 1.598482 1.598482 1.598482
3020.812012 0.000000 2138.550293 0.000000 0.387668 0.000000 -0.921799 2.583704 2.583704 2.583704
3028.131348 0.000000 2143.194336 0.000000 0.981852 0.000000 -0.189649 1.753195 1.753195 1.753195
3021.439941 0.000000 2143.003174 0.000000 0.210944 0.000000 0.977498 0.612555 0.612555 0.612555
3024.938721 0.000000 2139.954102 0.000000 0.391381 0.000000 0.920229 0.769060 0.769060 0.769060
3022.137695 0.000000 2140.123047 0.000000 0.058322 0.000000 0.998298 0.331304 0.331304 0.331304
3015.126221 0.000000 2130.079590 0.000000 0.722052 0.000000 -0.691839 1.920451 1.920451 1.920451
3022.326660 0.000000 2134.077393 0.000000 0.533875 0.000000 -0.845564 1.986392 1.986392 1.986392
3021.286377 0.000000 2145.084229 0.000000 0.234760 0.000000 0.972053 0.944664 0.944664 0.944664
3027.814209 0.000000 2147.446777 0.000000 0.850893 0.000000 -0.525340 1.862919 1.862919 1.862919
3013.516113 0.000000 2137.636475 0.000000 0.050558 0.000000 0.998721 0.913811 0.913811 0.913811
3019.332520 0.000000 2142.793701 0.000000 0.998512 0.000000 0.054534 1.566437 1.566437 1.566437
3017.873779 0.000000 2141.124268 0.000000 0.985175 0.000000 -0.171553 1.700546 1.700546 1.700546
3018.253418 0.000000 2131.961426 0.000000 0.110839 0.000000 -0.993838 2.212240 2.212240 2.212240
3020.557861 0.000000 2134.565674 0.000000 0.223348 0.000000 0.974739 0.820659 0.820659 0.820659
3024.561035 0.000000 2136.279785 0.000000 0.524669 0.000000 -0.851306 2.080054 2.080054 2.080054
3016.927246 0.000000 2136.414795 0.000000 0.997967 0.000000 0.063734 1.546501 1.546501 1.546501
3014.799561 0.000000 2139.167480 0.000000 0.576188 0.000000 -0.817317 2.092996 2.092996 2.092996
3025.539551 0.000000 2137.848389 0.000000 0.302957 0.000000 -0.953004 2.195314 2.195314 2.195314
3015.540771 0.000000 2133.255127 0.000000 0.970100 0.000000 -0.242707 1.753745 1.753745 1.753745
3017.316406 0.000000 2130.324219 0.000000 0.704437 0.000000 -0.709766 1.975125 1.975125 1.975125
3014.601074 0.000000 2136.293945 0.000000 0.961899 0.000000 0.273406 1.413052 1.413052 1.413052
3017.217773 0.000000 2133.393066 0.000000 0.987251 0.000000 0.159174 1.486341 1.486341 1.486341
3031.563721 0.000000 2141.511719 0.000000 0.895205 0.000000 -0.445654 1.852774 1.852774 1.852774
3016.422119 0.000000 2139.077148 0.000000 0.177526 0.000000 0.984116 0.598911 0.598911 0.598911
3017.976074 0.000000 2135.111328 0.000000 0.651224 0.000000 -0.758886 2.322745 2.322745 2.322745
2861.545654 0.000000 2218.769287 0.000000 0.992848 0.000000 -0.119388 1.603346 1.603346 1.603346
2871.028076 0.000000 2195.995117 0.000000 0.992136 0.000000 -0.125163 1.604511 1.604511 1.604511
2854.142822 0.000000 2196.142334 0.000000 0.630126 0.000000 0.776493 1.532523 1.532523 1.532523
2871.944580 0.000000 2219.226807 0.000000 0.777695 0.000000 -0.628642 1.681464 1.681464 1.681464
2849.664795 0.000000 2204.635742 0.000000 0.999325 0.000000 0.036723 1.593838 1.593838 1.593838
2858.233643 0.000000 2202.905029 0.000000 0.999750 0.000000 0.022342 1.596430 1.596430 1.596430
2861.014404 0.000000 2198.738770 0.000000 0.342605 0.000000 -0.939480 1.858518 1.858518 1.858518
2851.196533 0.000000 2206.712402 0.000000 0.936974 0.000000 0.349399 1.523010 1.523010 1.523010
2850.868896 0.000000 2198.484619 0.000000 0.955404 0.000000 -0.295302 1.686215 1.686215 1.686215
2855.224854 0.000000 2203.529541 0.000000 0.593790 0.000000 -0.804620 1.820364 1.820364 1.820364
2853.047607 0.000000 2202.007568 0.000000 0.477082 0.000000 -0.878859 1.930171 1.930171 1.930171
2866.753174 0.000000 2206.008301 0.000000 0.522158 0.000000 -0.852849 1.836642 1.836642 1.836642
2932.157715 0.000000 2226.014404 0.000000 0.177896 0.000000 -0.984049 1.766803 1.766803 1.766803
2884.917236 0.000000 2217.143066 0.000000 0.253124 0.000000 -0.967434 1.741812 1.741812 1.741812
2928.923828 0.000000 2227.025391 0.000000 0.061517 0.000000 0.998106 1.419141 1.419141 1.419141
2933.761230 0.000000 2255.234131 0.000000 0.661604 0.000000 0.749853 1.542426 1.542426 1.542426
2885.636475 0.000000 2250.625244 0.000000 0.994684 0.000000 -0.102976 1.612362 1.612362 1.612362
2887.650879 0.000000 2265.574951 0.000000 0.865803 0.000000 -0.500385 1.679545 1.679545 1.679545
2885.704102 0.000000 2260.893555 0.000000 0.868906 0.000000 0.494977 1.517265 1.517265 1.517265
2893.691406 0.000000 2264.016113 0.000000 0.917847 0.000000 -0.396935 1.665218 1.665218 1.665218
2940.527100 0.000000 2292.915283 0.000000 0.227969 0.000000 0.973668 1.273295 1.273295 1.273295
2929.473633 0.000000 2296.392578 0.000000 0.508881 0.000000 -0.860837 1.823664 1.823664 1.823664
2938.406494 0.000000 2292.373779 0.000000 1.000000 0.000000 0.000611 1.599792 1.599792 1.599792
2889.991699 0.000000 2263.080078 0.000000 0.430246 0.000000 -0.902712 2.175732 2.175732 2.175732
2995.854004 0.000000 2197.197998 0.000000 0.465677 0.000000 -0.884955 1.786602 1.786602 1.786602
2957.340332 0.000000 2238.332764 0.000000 0.726000 0.000000 -0.687695 1.754482 1.754482 1.754482
2997.999512 0.000000 2201.003174 0.000000 0.623715 0.000000 -0.781652 2.019361 2.019361 2.019361
2997.755615 0.000000 2197.515625 0.000000 0.914502 0.000000 0.404582 1.431958 1.431958 1.431958
2996.615967 0.000000 2198.806152 0.000000 0.991881 0.000000 -0.127169 1.684044 1.684044 1.684044
2958.048340 0.000000 2241.021240 0.000000 0.973507 0.000000 -0.228657 1.645154 1.645154 1.645154
2147.195312 0.000000 2622.621094 0.000000 0.579466 0.000000 0.814996 1.329800 1.329800 1.329800
2134.718994 0.000000 2619.477539 0.000000 0.204511 0.000000 0.978864 1.202019 1.202019 1.202019
5794.216309 0.000000 481.061615 0.000000 0.952290 0.000000 0.305194 1.455054 1.455054 1.455054
5811.723145 0.000000 479.846954 0.000000 0.311277 0.000000 0.950319 1.124040 1.124040 1.124040
5798.356934 0.000000 482.874359 0.000000 0.290536 0.000000 0.956864 0.692736 0.692736 0.692736
5470.837891 0.000000 648.435913 0.000000 0.977410 0.000000 -0.211351 1.642533 1.642533 1.642533
5456.377930 0.000000 660.081177 0.000000 0.753856 0.000000 -0.657039 2.313031 2.313031 2.313031
5470.047852 0.000000 653.664978 0.000000 0.858101 0.000000 -0.513481 1.761547 1.761547 1.761547
5454.457031 0.000000 659.192383 0.000000 0.409603 0.000000 -0.912264 2.563641 2.563641 2.563641
5454.830078 0.000000 656.413696 0.000000 0.455339 0.000000 -0.890318 2.060542 2.060542 2.060542
5454.828125 0.000000 660.963623 0.000000 0.997845 0.000000 -0.065622 1.635675 1.635675 1.635675
5683.917480 0.000000 525.154419 0.000000 0.610770 0.000000 0.791808 1.439400 1.439400 1.439400
5682.422363 0.000000 526.665283 0.000000 0.286726 0.000000 0.958013 0.638777 0.638777 0.638777
5686.654785 0.000000 528.745056 0.000000 0.235943 0.000000 0.971767 0.876063 0.876063 0.876063
5733.298828 0.000000 523.011841 0.000000 0.948818 0.000000 -0.315822 1.719367 1.719367 1.719367
5739.420898 0.000000 518.272461 0.000000 0.923036 0.000000 0.384713 1.292405 1.292405 1.292405
"}
