object={
	name="tree_emperorparasol_01_generator_1_0"
	render_pass=Map
	clamp_to_water_level=no
	generated_content=yes
	layer="tree_high_layer"
	pdxmesh="tree_emperorparasol_01_a_mesh"
	count=172
	transform="2662.631836 0.000000 2035.904175 0.000000 0.967868 0.000000 0.251457 1.000000 1.000000 1.000000
2671.388184 0.000000 2045.716797 0.000000 0.998429 0.000000 0.056034 1.000000 1.000000 1.000000
2663.222168 0.000000 2039.370728 0.000000 0.842988 0.000000 0.537933 1.000000 1.000000 1.000000
2659.346680 0.000000 2037.229004 0.000000 0.103607 0.000000 0.994618 1.000000 1.000000 1.000000
2660.151855 0.000000 2039.999268 0.000000 0.939956 0.000000 0.341296 1.000000 1.000000 1.000000
2658.321777 0.000000 2037.951172 0.000000 0.190655 0.000000 0.981657 1.000000 1.000000 1.000000
2673.059814 0.000000 2044.678101 0.000000 0.668285 0.000000 0.743905 1.000000 1.000000 1.000000
2658.181396 0.000000 2036.798584 0.000000 0.684783 0.000000 0.728747 1.000000 1.000000 1.000000
2658.939453 0.000000 2036.499023 0.000000 0.563118 0.000000 0.826377 1.000000 1.000000 1.000000
2695.254883 0.000000 2030.164062 0.000000 0.930107 0.000000 0.367289 1.000000 1.000000 1.000000
2781.069580 0.000000 1995.307373 0.000000 0.436937 0.000000 0.899492 1.000000 1.000000 1.000000
2868.895264 0.000000 1896.710083 0.000000 0.991674 0.000000 0.128775 1.000000 1.000000 1.000000
2901.460449 0.000000 1904.861450 0.000000 0.614263 0.000000 0.789102 1.000000 1.000000 1.000000
2901.940674 0.000000 1906.635742 0.000000 0.678511 0.000000 0.734591 1.000000 1.000000 1.000000
2899.086914 0.000000 1907.352051 0.000000 0.902816 0.000000 0.430028 1.000000 1.000000 1.000000
2899.486816 0.000000 1906.395996 0.000000 0.936727 0.000000 0.350060 1.000000 1.000000 1.000000
2821.020752 0.000000 1989.544556 0.000000 0.996980 0.000000 0.077662 1.000000 1.000000 1.000000
2820.416016 0.000000 1991.983887 0.000000 0.995326 0.000000 0.096568 1.000000 1.000000 1.000000
3064.327148 0.000000 1959.127441 0.000000 0.999888 0.000000 0.014946 1.000000 1.000000 1.000000
3042.552002 0.000000 1952.702271 0.000000 0.595640 0.000000 0.803251 1.000000 1.000000 1.000000
3065.535156 0.000000 1958.178345 0.000000 0.689717 0.000000 0.724079 1.000000 1.000000 1.000000
3042.952148 0.000000 1955.421997 0.000000 0.579506 0.000000 0.814968 1.000000 1.000000 1.000000
3043.775391 0.000000 1952.007080 0.000000 0.919958 0.000000 0.392016 1.000000 1.000000 1.000000
1995.816284 0.000000 2669.013428 0.000000 0.997726 0.000000 0.067401 1.000000 1.000000 1.000000
2458.199219 0.000000 2233.571777 0.000000 0.968001 0.000000 0.250945 1.000000 1.000000 1.000000
2493.580566 0.000000 2220.941406 0.000000 0.025333 0.000000 0.999679 1.000000 1.000000 1.000000
2501.257080 0.000000 2234.024658 0.000000 0.652286 0.000000 0.757973 1.000000 1.000000 1.000000
2507.068115 0.000000 2213.276855 0.000000 0.318418 0.000000 0.947950 1.000000 1.000000 1.000000
2513.776855 0.000000 2227.912842 0.000000 0.960652 0.000000 0.277756 1.000000 1.000000 1.000000
2500.948242 0.000000 2213.500977 0.000000 0.161546 0.000000 0.986865 1.000000 1.000000 1.000000
2517.197998 0.000000 2201.732910 0.000000 0.464574 0.000000 0.885534 1.000000 1.000000 1.000000
2504.956299 0.000000 2230.295410 0.000000 0.590348 0.000000 0.807149 1.000000 1.000000 1.000000
2513.072021 0.000000 2232.784912 0.000000 0.639615 0.000000 0.768695 1.000000 1.000000 1.000000
2499.180664 0.000000 2236.770264 0.000000 0.999962 0.000000 0.008701 1.000000 1.000000 1.000000
2512.706543 0.000000 2225.051270 0.000000 0.755304 0.000000 0.655375 1.000000 1.000000 1.000000
2518.777832 0.000000 2222.942383 0.000000 0.901737 0.000000 0.432286 1.000000 1.000000 1.000000
2506.841309 0.000000 2223.968750 0.000000 0.458501 0.000000 0.888694 1.000000 1.000000 1.000000
2529.743164 0.000000 2210.487305 0.000000 0.646084 0.000000 0.763267 1.000000 1.000000 1.000000
2509.983887 0.000000 2222.510498 0.000000 0.999997 0.000000 0.002484 1.000000 1.000000 1.000000
2524.005371 0.000000 2210.184814 0.000000 0.016956 0.000000 0.999856 1.000000 1.000000 1.000000
2513.319580 0.000000 2222.778076 0.000000 0.387139 0.000000 0.922021 1.000000 1.000000 1.000000
2506.667480 0.000000 2219.143555 0.000000 0.565920 0.000000 0.824460 1.000000 1.000000 1.000000
2519.783447 0.000000 2229.763428 0.000000 0.433971 0.000000 0.900927 1.000000 1.000000 1.000000
2518.587646 0.000000 2227.926758 0.000000 0.159793 0.000000 0.987151 1.000000 1.000000 1.000000
2513.001221 0.000000 2203.938477 0.000000 0.996573 0.000000 0.082713 1.000000 1.000000 1.000000
2513.974121 0.000000 2216.022461 0.000000 0.761995 0.000000 0.647583 1.000000 1.000000 1.000000
2515.762939 0.000000 2219.281250 0.000000 0.973509 0.000000 0.228649 1.000000 1.000000 1.000000
2512.554443 0.000000 2216.831543 0.000000 0.718079 0.000000 0.695961 1.000000 1.000000 1.000000
2512.824219 0.000000 2226.596436 0.000000 0.295967 0.000000 0.955198 1.000000 1.000000 1.000000
2516.030762 0.000000 2225.186768 0.000000 0.506897 0.000000 0.862007 1.000000 1.000000 1.000000
2517.037354 0.000000 2223.438477 0.000000 0.905086 0.000000 0.425228 1.000000 1.000000 1.000000
2441.378662 0.000000 2249.698486 0.000000 0.998427 0.000000 0.056065 1.000000 1.000000 1.000000
2438.491699 0.000000 2244.140625 0.000000 0.812918 0.000000 0.582378 1.000000 1.000000 1.000000
2437.064453 0.000000 2263.779541 0.000000 0.289440 0.000000 0.957196 1.000000 1.000000 1.000000
2438.527832 0.000000 2254.356689 0.000000 0.045244 0.000000 0.998976 1.000000 1.000000 1.000000
2474.696289 0.000000 2251.708984 0.000000 0.770522 0.000000 0.637414 1.000000 1.000000 1.000000
2475.877441 0.000000 2250.579102 0.000000 0.554194 0.000000 0.832387 1.000000 1.000000 1.000000
2499.864258 0.000000 2240.706787 0.000000 0.655868 0.000000 0.754876 1.000000 1.000000 1.000000
2496.227295 0.000000 2239.603027 0.000000 0.984124 0.000000 0.177484 1.000000 1.000000 1.000000
2326.801270 0.000000 2542.864258 0.000000 0.947060 0.000000 0.321057 1.000000 1.000000 1.000000
2399.025879 0.000000 2551.324463 0.000000 0.376874 0.000000 0.926264 1.000000 1.000000 1.000000
2673.379395 0.000000 2075.883545 0.000000 0.225523 0.000000 0.974238 1.000000 1.000000 1.000000
2672.220215 0.000000 2072.656494 0.000000 0.651419 0.000000 0.758718 1.000000 1.000000 1.000000
2658.497559 0.000000 2061.497314 0.000000 0.267692 0.000000 0.963505 1.000000 1.000000 1.000000
2662.545410 0.000000 2069.888916 0.000000 0.998399 0.000000 0.056565 1.000000 1.000000 1.000000
2663.714111 0.000000 2068.556152 0.000000 0.631416 0.000000 0.775444 1.000000 1.000000 1.000000
2657.871826 0.000000 2058.474121 0.000000 0.999836 0.000000 0.018094 1.000000 1.000000 1.000000
2657.249512 0.000000 2061.904541 0.000000 0.070761 0.000000 0.997493 1.000000 1.000000 1.000000
2661.372803 0.000000 2068.774902 0.000000 0.922983 0.000000 0.384842 1.000000 1.000000 1.000000
2656.844971 0.000000 2058.229736 0.000000 0.975314 0.000000 0.220825 1.000000 1.000000 1.000000
2699.044678 0.000000 2085.308105 0.000000 0.734876 0.000000 0.678202 1.000000 1.000000 1.000000
2713.376465 0.000000 2103.291748 0.000000 0.132089 0.000000 0.991238 1.000000 1.000000 1.000000
2690.638672 0.000000 2098.736816 0.000000 0.886759 0.000000 0.462232 1.000000 1.000000 1.000000
2591.002441 0.000000 2231.402588 0.000000 0.734972 0.000000 0.678097 1.000000 1.000000 1.000000
2596.969971 0.000000 2217.748047 0.000000 0.853383 0.000000 0.521285 1.000000 1.000000 1.000000
2623.781982 0.000000 2236.540283 0.000000 0.496778 0.000000 0.867878 1.000000 1.000000 1.000000
2648.875977 0.000000 2235.553467 0.000000 0.239956 0.000000 0.970784 1.000000 1.000000 1.000000
2590.403564 0.000000 2275.261963 0.000000 0.999540 0.000000 0.030325 1.000000 1.000000 1.000000
2589.192139 0.000000 2241.176758 0.000000 0.512901 0.000000 0.858448 1.000000 1.000000 1.000000
2610.863281 0.000000 2294.018555 0.000000 0.858801 0.000000 0.512309 1.000000 1.000000 1.000000
2603.927002 0.000000 2254.988281 0.000000 0.079653 0.000000 0.996823 1.000000 1.000000 1.000000
2615.677490 0.000000 2299.754150 0.000000 0.610101 0.000000 0.792324 1.000000 1.000000 1.000000
2629.041016 0.000000 2263.779541 0.000000 0.684713 0.000000 0.728813 1.000000 1.000000 1.000000
2637.278076 0.000000 2260.236572 0.000000 0.637110 0.000000 0.770773 1.000000 1.000000 1.000000
2635.076416 0.000000 2258.248535 0.000000 0.007073 0.000000 0.999975 1.000000 1.000000 1.000000
2625.645752 0.000000 2288.350830 0.000000 0.049927 0.000000 0.998753 1.000000 1.000000 1.000000
2796.610840 0.000000 2233.690430 0.000000 0.945843 0.000000 0.324625 1.000000 1.000000 1.000000
2713.079102 0.000000 2276.183838 0.000000 0.997989 0.000000 0.063390 1.000000 1.000000 1.000000
2723.212158 0.000000 2270.696777 0.000000 0.604505 0.000000 0.796601 1.000000 1.000000 1.000000
2717.774414 0.000000 2266.310791 0.000000 0.494879 0.000000 0.868962 1.000000 1.000000 1.000000
2719.397217 0.000000 2271.217773 0.000000 0.517627 0.000000 0.855606 1.000000 1.000000 1.000000
2719.755859 0.000000 2272.330811 0.000000 0.099041 0.000000 0.995083 1.000000 1.000000 1.000000
2716.435791 0.000000 2271.605957 0.000000 0.170194 0.000000 0.985411 1.000000 1.000000 1.000000
2716.686768 0.000000 2273.512695 0.000000 0.293708 0.000000 0.955895 1.000000 1.000000 1.000000
2855.503662 0.000000 2150.923584 0.000000 0.402908 0.000000 0.915241 1.000000 1.000000 1.000000
3009.267334 0.000000 2165.204102 0.000000 0.303806 0.000000 0.952734 1.000000 1.000000 1.000000
2896.089600 0.000000 2220.826904 0.000000 0.999893 0.000000 0.014607 1.000000 1.000000 1.000000
2896.086426 0.000000 2218.375977 0.000000 0.635171 0.000000 0.772372 1.000000 1.000000 1.000000
2951.807861 0.000000 2268.777588 0.000000 0.847883 0.000000 0.530183 1.000000 1.000000 1.000000
2988.856445 0.000000 2275.842773 0.000000 0.944997 0.000000 0.327078 1.000000 1.000000 1.000000
2954.812500 0.000000 2264.524170 0.000000 0.963163 0.000000 0.268920 1.000000 1.000000 1.000000
2954.158203 0.000000 2267.289795 0.000000 0.878603 0.000000 0.477554 1.000000 1.000000 1.000000
3066.902588 0.000000 2266.046143 0.000000 0.657699 0.000000 0.753281 1.000000 1.000000 1.000000
3058.486084 0.000000 2303.428223 0.000000 0.998288 0.000000 0.058497 1.000000 1.000000 1.000000
3071.005127 0.000000 2268.293701 0.000000 0.909672 0.000000 0.415327 1.000000 1.000000 1.000000
2724.876953 0.000000 2349.355225 0.000000 0.519790 0.000000 0.854294 1.000000 1.000000 1.000000
2730.280762 0.000000 2351.272217 0.000000 0.999130 0.000000 0.041701 1.000000 1.000000 1.000000
2721.416992 0.000000 2350.390625 0.000000 0.372786 0.000000 0.927917 1.000000 1.000000 1.000000
2725.110352 0.000000 2358.216064 0.000000 0.165957 0.000000 0.986133 1.000000 1.000000 1.000000
2861.794189 0.000000 2333.723877 0.000000 0.533188 0.000000 0.845997 1.000000 1.000000 1.000000
2855.503662 0.000000 2342.876709 0.000000 0.999250 0.000000 0.038730 1.000000 1.000000 1.000000
2861.077148 0.000000 2329.307617 0.000000 0.844763 0.000000 0.535141 1.000000 1.000000 1.000000
2867.856934 0.000000 2331.134766 0.000000 0.523762 0.000000 0.851865 1.000000 1.000000 1.000000
3048.301514 0.000000 2308.726807 0.000000 0.167309 0.000000 0.985904 1.000000 1.000000 1.000000
2950.429199 0.000000 2372.109375 0.000000 0.441329 0.000000 0.897345 1.000000 1.000000 1.000000
2941.815918 0.000000 2482.492432 0.000000 0.796343 0.000000 0.604845 1.000000 1.000000 1.000000
2967.728760 0.000000 2485.700928 0.000000 0.679411 0.000000 0.733758 1.000000 1.000000 1.000000
2967.992188 0.000000 2483.265381 0.000000 0.197882 0.000000 0.980226 1.000000 1.000000 1.000000
2117.320068 0.000000 2623.312744 0.000000 0.988613 0.000000 0.150478 1.000000 1.000000 1.000000
2131.866943 0.000000 2615.840820 0.000000 0.807859 0.000000 0.589376 1.000000 1.000000 1.000000
2118.043213 0.000000 2607.754395 0.000000 0.375272 0.000000 0.926915 1.000000 1.000000 1.000000
2141.216064 0.000000 2615.968750 0.000000 0.518381 0.000000 0.855150 1.000000 1.000000 1.000000
2131.503906 0.000000 2614.197754 0.000000 0.971739 0.000000 0.236060 1.000000 1.000000 1.000000
2118.922363 0.000000 2623.219238 0.000000 0.147631 0.000000 0.989043 1.000000 1.000000 1.000000
2130.349854 0.000000 2615.699219 0.000000 0.323225 0.000000 0.946322 1.000000 1.000000 1.000000
2133.045410 0.000000 2615.047607 0.000000 0.933822 0.000000 0.357737 1.000000 1.000000 1.000000
2130.016846 0.000000 2621.600342 0.000000 0.123341 0.000000 0.992364 1.000000 1.000000 1.000000
2118.083984 0.000000 2622.498047 0.000000 0.037095 0.000000 0.999312 1.000000 1.000000 1.000000
2158.442627 0.000000 2603.350098 0.000000 0.992906 0.000000 0.118905 1.000000 1.000000 1.000000
2141.036133 0.000000 2614.358887 0.000000 0.967580 0.000000 0.252565 1.000000 1.000000 1.000000
2159.615234 0.000000 2602.062500 0.000000 0.978047 0.000000 0.208385 1.000000 1.000000 1.000000
2141.368408 0.000000 2618.102051 0.000000 0.354553 0.000000 0.935036 1.000000 1.000000 1.000000
2141.075195 0.000000 2618.921875 0.000000 0.999997 0.000000 0.002270 1.000000 1.000000 1.000000
2152.410889 0.000000 2628.648682 0.000000 0.810208 0.000000 0.586142 1.000000 1.000000 1.000000
2155.858154 0.000000 2629.756836 0.000000 0.984191 0.000000 0.177110 1.000000 1.000000 1.000000
2153.603027 0.000000 2628.402100 0.000000 0.719231 0.000000 0.694771 1.000000 1.000000 1.000000
2152.094727 0.000000 2629.792236 0.000000 0.554586 0.000000 0.832126 1.000000 1.000000 1.000000
2119.913818 0.000000 2623.620605 0.000000 0.057881 0.000000 0.998324 1.000000 1.000000 1.000000
2154.685547 0.000000 2629.238281 0.000000 0.998500 0.000000 0.054747 1.000000 1.000000 1.000000
3075.110352 0.000000 2236.770264 0.000000 0.933018 0.000000 0.359830 1.000000 1.000000 1.000000
3072.156982 0.000000 2239.603027 0.000000 0.969785 0.000000 0.243961 1.000000 1.000000 1.000000
5668.599609 0.000000 412.946167 0.000000 0.639123 0.000000 0.769104 1.000000 1.000000 1.000000
5675.040527 0.000000 420.546570 0.000000 0.984124 0.000000 0.177484 1.000000 1.000000 1.000000
5654.635742 0.000000 435.363281 0.000000 0.649815 0.000000 0.760092 1.000000 1.000000 1.000000
5668.704102 0.000000 474.429413 0.000000 0.998310 0.000000 0.058116 1.000000 1.000000 1.000000
5648.547852 0.000000 462.937073 0.000000 0.634180 0.000000 0.773185 1.000000 1.000000 1.000000
5670.346680 0.000000 452.133240 0.000000 0.673619 0.000000 0.739079 1.000000 1.000000 1.000000
5684.748047 0.000000 468.177094 0.000000 0.677460 0.000000 0.735559 1.000000 1.000000 1.000000
5684.288086 0.000000 471.227936 0.000000 0.959476 0.000000 0.281789 1.000000 1.000000 1.000000
5695.256836 0.000000 471.274048 0.000000 0.785788 0.000000 0.618496 1.000000 1.000000 1.000000
5671.507812 0.000000 477.151581 0.000000 0.996538 0.000000 0.083133 1.000000 1.000000 1.000000
5685.700684 0.000000 468.889526 0.000000 0.931871 0.000000 0.362790 1.000000 1.000000 1.000000
5743.185059 0.000000 506.515930 0.000000 0.294658 0.000000 0.955603 1.000000 1.000000 1.000000
5741.895508 0.000000 505.060822 0.000000 0.130774 0.000000 0.991412 1.000000 1.000000 1.000000
5696.370605 0.000000 471.383698 0.000000 0.610523 0.000000 0.791999 1.000000 1.000000 1.000000
5697.078125 0.000000 470.529602 0.000000 0.648108 0.000000 0.761549 1.000000 1.000000 1.000000
5742.769531 0.000000 505.574646 0.000000 0.995355 0.000000 0.096270 1.000000 1.000000 1.000000
5256.500977 0.000000 716.920105 0.000000 0.481676 0.000000 0.876349 1.000000 1.000000 1.000000
5260.090820 0.000000 714.521057 0.000000 0.066982 0.000000 0.997754 1.000000 1.000000 1.000000
5260.872559 0.000000 715.583008 0.000000 0.187188 0.000000 0.982324 1.000000 1.000000 1.000000
5259.922363 0.000000 715.459839 0.000000 0.858101 0.000000 0.513481 1.000000 1.000000 1.000000
5253.362305 0.000000 726.200989 0.000000 0.232447 0.000000 0.972609 1.000000 1.000000 1.000000
5252.308594 0.000000 727.385193 0.000000 0.762716 0.000000 0.646734 1.000000 1.000000 1.000000
5621.679199 0.000000 729.362549 0.000000 0.903132 0.000000 0.429363 1.000000 1.000000 1.000000
5708.526855 0.000000 511.969513 0.000000 0.962885 0.000000 0.269913 1.000000 1.000000 1.000000
5765.042480 0.000000 547.255615 0.000000 0.997923 0.000000 0.064418 1.000000 1.000000 1.000000
5762.326660 0.000000 546.549072 0.000000 0.952905 0.000000 0.303269 1.000000 1.000000 1.000000
5765.592285 0.000000 545.439819 0.000000 0.508939 0.000000 0.860803 1.000000 1.000000 1.000000
5764.902832 0.000000 544.014648 0.000000 0.897973 0.000000 0.440050 1.000000 1.000000 1.000000
5764.072754 0.000000 547.421814 0.000000 0.454925 0.000000 0.890530 1.000000 1.000000 1.000000
5765.448730 0.000000 546.411072 0.000000 0.818437 0.000000 0.574596 1.000000 1.000000 1.000000
5764.636230 0.000000 546.527954 0.000000 0.531139 0.000000 0.847285 1.000000 1.000000 1.000000
"}
object={
	name="tree_emperorparasol_01_generator_1_1"
	render_pass=Map
	clamp_to_water_level=no
	generated_content=yes
	layer="tree_high_layer"
	pdxmesh="tree_emperorparasol_01_b_mesh"
	count=124
	transform="2673.295898 0.000000 2045.876831 0.000000 0.792133 0.000000 -0.610349 1.000000 1.000000 1.000000
2672.136719 0.000000 2043.915527 0.000000 0.798651 0.000000 -0.601795 1.000000 1.000000 1.000000
2810.811523 0.000000 1970.257568 0.000000 0.886297 0.000000 -0.463118 1.000000 1.000000 1.000000
2900.437256 0.000000 1906.714966 0.000000 0.941893 0.000000 -0.335914 1.000000 1.000000 1.000000
2882.140625 0.000000 1901.013794 0.000000 0.822928 0.000000 -0.568146 1.000000 1.000000 1.000000
2883.476318 0.000000 1901.493042 0.000000 0.995482 0.000000 -0.094949 1.000000 1.000000 1.000000
2883.054932 0.000000 1900.587280 0.000000 0.611106 0.000000 -0.791549 1.000000 1.000000 1.000000
2825.154053 0.000000 1961.274292 0.000000 0.926338 0.000000 -0.376693 1.000000 1.000000 1.000000
2825.202881 0.000000 1960.033569 0.000000 0.608245 0.000000 -0.793750 1.000000 1.000000 1.000000
2822.444824 0.000000 1988.203125 0.000000 0.988997 0.000000 -0.147935 1.000000 1.000000 1.000000
2822.955078 0.000000 1990.063965 0.000000 0.980691 0.000000 -0.195562 1.000000 1.000000 1.000000
2823.837402 0.000000 1991.522827 0.000000 0.584155 0.000000 -0.811642 1.000000 1.000000 1.000000
2820.071777 0.000000 1988.616699 0.000000 0.885746 0.000000 -0.464170 1.000000 1.000000 1.000000
3043.659180 0.000000 1954.143677 0.000000 0.584440 0.000000 -0.811437 1.000000 1.000000 1.000000
3042.001221 0.000000 1953.327881 0.000000 0.917109 0.000000 -0.398635 1.000000 1.000000 1.000000
1997.785645 0.000000 2666.740723 0.000000 0.941364 0.000000 -0.337393 1.000000 1.000000 1.000000
2492.160889 0.000000 2219.278320 0.000000 0.594802 0.000000 -0.803872 1.000000 1.000000 1.000000
2495.292480 0.000000 2222.319092 0.000000 0.556562 0.000000 -0.830806 1.000000 1.000000 1.000000
2492.594971 0.000000 2223.792480 0.000000 0.659315 0.000000 -0.751867 1.000000 1.000000 1.000000
2533.043457 0.000000 2208.599121 0.000000 0.509151 0.000000 -0.860677 1.000000 1.000000 1.000000
2504.256592 0.000000 2225.336914 0.000000 0.999934 0.000000 -0.011472 1.000000 1.000000 1.000000
2526.411377 0.000000 2211.277588 0.000000 0.999820 0.000000 -0.018984 1.000000 1.000000 1.000000
2511.278809 0.000000 2208.417725 0.000000 0.889784 0.000000 -0.456382 1.000000 1.000000 1.000000
2521.399902 0.000000 2231.260498 0.000000 0.999952 0.000000 -0.009815 1.000000 1.000000 1.000000
2517.760254 0.000000 2220.091553 0.000000 0.956492 0.000000 -0.291758 1.000000 1.000000 1.000000
2514.644531 0.000000 2205.311523 0.000000 0.747561 0.000000 -0.664193 1.000000 1.000000 1.000000
2517.466064 0.000000 2229.814941 0.000000 0.743453 0.000000 -0.668788 1.000000 1.000000 1.000000
2508.203857 0.000000 2228.358154 0.000000 0.771253 0.000000 -0.636529 1.000000 1.000000 1.000000
2502.948486 0.000000 2236.765381 0.000000 0.999671 0.000000 -0.025638 1.000000 1.000000 1.000000
2511.666748 0.000000 2205.598389 0.000000 0.824297 0.000000 -0.566158 1.000000 1.000000 1.000000
2523.970215 0.000000 2230.489014 0.000000 0.562293 0.000000 -0.826938 1.000000 1.000000 1.000000
2511.359863 0.000000 2227.169434 0.000000 0.987654 0.000000 -0.156652 1.000000 1.000000 1.000000
2515.008057 0.000000 2202.912109 0.000000 0.993937 0.000000 -0.109949 1.000000 1.000000 1.000000
2508.380615 0.000000 2223.153320 0.000000 0.989287 0.000000 -0.145984 1.000000 1.000000 1.000000
2508.195068 0.000000 2224.627441 0.000000 0.944356 0.000000 -0.328924 1.000000 1.000000 1.000000
2517.987549 0.000000 2226.557617 0.000000 0.977012 0.000000 -0.213185 1.000000 1.000000 1.000000
2353.543945 0.000000 2552.330078 0.000000 0.957765 0.000000 -0.287551 1.000000 1.000000 1.000000
2399.904053 0.000000 2553.740967 0.000000 0.637930 0.000000 -0.770094 1.000000 1.000000 1.000000
2662.166260 0.000000 2068.173584 0.000000 0.801746 0.000000 -0.597664 1.000000 1.000000 1.000000
2657.237793 0.000000 2057.310303 0.000000 0.576493 0.000000 -0.817102 1.000000 1.000000 1.000000
2659.754883 0.000000 2060.320557 0.000000 0.923097 0.000000 -0.384568 1.000000 1.000000 1.000000
2658.363281 0.000000 2059.851318 0.000000 0.593390 0.000000 -0.804915 1.000000 1.000000 1.000000
2661.411377 0.000000 2069.978027 0.000000 0.798865 0.000000 -0.601510 1.000000 1.000000 1.000000
2699.272461 0.000000 2089.080811 0.000000 0.552734 0.000000 -0.833358 1.000000 1.000000 1.000000
2593.355225 0.000000 2216.337402 0.000000 0.941165 0.000000 -0.337949 1.000000 1.000000 1.000000
2591.891113 0.000000 2239.218018 0.000000 0.810685 0.000000 -0.585482 1.000000 1.000000 1.000000
2595.839600 0.000000 2224.443115 0.000000 0.839930 0.000000 -0.542695 1.000000 1.000000 1.000000
2592.773926 0.000000 2271.712402 0.000000 0.999937 0.000000 -0.011190 1.000000 1.000000 1.000000
2618.872070 0.000000 2295.014404 0.000000 0.986316 0.000000 -0.164866 1.000000 1.000000 1.000000
2609.116455 0.000000 2283.958740 0.000000 0.922186 0.000000 -0.386748 1.000000 1.000000 1.000000
2621.566895 0.000000 2243.610107 0.000000 0.972908 0.000000 -0.231192 1.000000 1.000000 1.000000
2620.566162 0.000000 2292.915283 0.000000 0.518090 0.000000 -0.855326 1.000000 1.000000 1.000000
2618.084717 0.000000 2299.954590 0.000000 0.890145 0.000000 -0.455677 1.000000 1.000000 1.000000
2612.455566 0.000000 2293.000977 0.000000 0.853675 0.000000 -0.520806 1.000000 1.000000 1.000000
2610.370605 0.000000 2298.069092 0.000000 0.860405 0.000000 -0.509612 1.000000 1.000000 1.000000
2618.864258 0.000000 2301.247559 0.000000 0.717041 0.000000 -0.697031 1.000000 1.000000 1.000000
2637.663574 0.000000 2289.112549 0.000000 0.982479 0.000000 -0.186375 1.000000 1.000000 1.000000
2626.646484 0.000000 2290.689941 0.000000 0.871145 0.000000 -0.491026 1.000000 1.000000 1.000000
2796.291260 0.000000 2230.736816 0.000000 0.739599 0.000000 -0.673048 1.000000 1.000000 1.000000
2717.767578 0.000000 2279.025635 0.000000 0.614534 0.000000 -0.788890 1.000000 1.000000 1.000000
2716.479004 0.000000 2270.544189 0.000000 0.640190 0.000000 -0.768216 1.000000 1.000000 1.000000
2719.165527 0.000000 2266.482666 0.000000 0.729392 0.000000 -0.684096 1.000000 1.000000 1.000000
2717.917480 0.000000 2271.937256 0.000000 0.957835 0.000000 -0.287318 1.000000 1.000000 1.000000
2717.667725 0.000000 2268.111572 0.000000 0.992642 0.000000 -0.121086 1.000000 1.000000 1.000000
2717.716553 0.000000 2273.115967 0.000000 0.877716 0.000000 -0.479181 1.000000 1.000000 1.000000
2857.015381 0.000000 2155.008057 0.000000 0.778510 0.000000 -0.627632 1.000000 1.000000 1.000000
3004.910889 0.000000 2147.636230 0.000000 0.981257 0.000000 -0.192704 1.000000 1.000000 1.000000
2986.951904 0.000000 2171.971924 0.000000 0.616082 0.000000 -0.787682 1.000000 1.000000 1.000000
2895.017090 0.000000 2216.128662 0.000000 0.806116 0.000000 -0.591757 1.000000 1.000000 1.000000
2983.488037 0.000000 2278.892334 0.000000 0.864594 0.000000 -0.502472 1.000000 1.000000 1.000000
2957.683594 0.000000 2264.016113 0.000000 0.995798 0.000000 -0.091581 1.000000 1.000000 1.000000
2983.071289 0.000000 2276.010010 0.000000 0.821366 0.000000 -0.570401 1.000000 1.000000 1.000000
3063.287109 0.000000 2297.203613 0.000000 0.725234 0.000000 -0.688502 1.000000 1.000000 1.000000
3061.622070 0.000000 2301.519287 0.000000 0.990855 0.000000 -0.134931 1.000000 1.000000 1.000000
3055.264648 0.000000 2294.989502 0.000000 0.612048 0.000000 -0.790821 1.000000 1.000000 1.000000
3065.356201 0.000000 2268.626465 0.000000 0.936499 0.000000 -0.350670 1.000000 1.000000 1.000000
3060.343994 0.000000 2299.534668 0.000000 0.987247 0.000000 -0.159195 1.000000 1.000000 1.000000
3059.438232 0.000000 2301.486328 0.000000 0.826860 0.000000 -0.562408 1.000000 1.000000 1.000000
2860.020996 0.000000 2336.509766 0.000000 0.702986 0.000000 -0.711203 1.000000 1.000000 1.000000
2866.753174 0.000000 2333.977051 0.000000 0.967043 0.000000 -0.254612 1.000000 1.000000 1.000000
2925.537842 0.000000 2410.722412 0.000000 0.973796 0.000000 -0.227421 1.000000 1.000000 1.000000
2957.068359 0.000000 2359.885498 0.000000 0.951868 0.000000 -0.306509 1.000000 1.000000 1.000000
2952.546631 0.000000 2362.084229 0.000000 0.522839 0.000000 -0.852431 1.000000 1.000000 1.000000
3059.573730 0.000000 2303.874268 0.000000 0.934420 0.000000 -0.356174 1.000000 1.000000 1.000000
2950.866455 0.000000 2490.716553 0.000000 0.846909 0.000000 -0.531738 1.000000 1.000000 1.000000
2145.487305 0.000000 2606.328125 0.000000 0.955501 0.000000 -0.294989 1.000000 1.000000 1.000000
2131.215332 0.000000 2621.220703 0.000000 0.596568 0.000000 -0.802563 1.000000 1.000000 1.000000
2140.017090 0.000000 2614.395264 0.000000 0.970861 0.000000 -0.239642 1.000000 1.000000 1.000000
2157.812744 0.000000 2600.261963 0.000000 0.971445 0.000000 -0.237264 1.000000 1.000000 1.000000
2141.942871 0.000000 2618.835449 0.000000 0.830820 0.000000 -0.556542 1.000000 1.000000 1.000000
2159.264404 0.000000 2600.101562 0.000000 0.944149 0.000000 -0.329519 1.000000 1.000000 1.000000
2138.784912 0.000000 2614.973877 0.000000 0.903614 0.000000 -0.428348 1.000000 1.000000 1.000000
2141.924561 0.000000 2614.857422 0.000000 0.966732 0.000000 -0.255792 1.000000 1.000000 1.000000
2156.406982 0.000000 2602.549316 0.000000 0.552418 0.000000 -0.833568 1.000000 1.000000 1.000000
2138.055420 0.000000 2619.715088 0.000000 0.718449 0.000000 -0.695580 1.000000 1.000000 1.000000
2138.036621 0.000000 2614.416504 0.000000 0.749009 0.000000 -0.662560 1.000000 1.000000 1.000000
2145.300293 0.000000 2633.169678 0.000000 0.912003 0.000000 -0.410184 1.000000 1.000000 1.000000
2153.824219 0.000000 2629.759277 0.000000 0.506367 0.000000 -0.862318 1.000000 1.000000 1.000000
2142.806152 0.000000 2624.849609 0.000000 0.995420 0.000000 -0.095603 1.000000 1.000000 1.000000
2153.094727 0.000000 2629.219482 0.000000 0.938041 0.000000 -0.346523 1.000000 1.000000 1.000000
3073.447266 0.000000 2267.333984 0.000000 0.848400 0.000000 -0.529355 1.000000 1.000000 1.000000
3072.634277 0.000000 2268.943604 0.000000 0.929556 0.000000 -0.368681 1.000000 1.000000 1.000000
5656.980957 0.000000 436.597504 0.000000 0.783892 0.000000 -0.620898 1.000000 1.000000 1.000000
5656.777344 0.000000 434.683411 0.000000 0.946319 0.000000 -0.323233 1.000000 1.000000 1.000000
5670.881348 0.000000 475.951508 0.000000 0.953395 0.000000 -0.301724 1.000000 1.000000 1.000000
5685.427734 0.000000 469.937531 0.000000 0.925845 0.000000 -0.377903 1.000000 1.000000 1.000000
5646.806641 0.000000 464.460541 0.000000 0.808585 0.000000 -0.588379 1.000000 1.000000 1.000000
5671.594238 0.000000 451.171844 0.000000 0.962496 0.000000 -0.271296 1.000000 1.000000 1.000000
5670.208496 0.000000 477.374786 0.000000 0.999755 0.000000 -0.022133 1.000000 1.000000 1.000000
5671.962402 0.000000 474.889130 0.000000 0.802006 0.000000 -0.597316 1.000000 1.000000 1.000000
5670.184082 0.000000 474.630219 0.000000 0.643703 0.000000 -0.765275 1.000000 1.000000 1.000000
5684.502930 0.000000 469.225800 0.000000 0.938065 0.000000 -0.346459 1.000000 1.000000 1.000000
5671.999023 0.000000 452.123993 0.000000 0.511737 0.000000 -0.859142 1.000000 1.000000 1.000000
5671.165527 0.000000 452.522217 0.000000 0.979871 0.000000 -0.199633 1.000000 1.000000 1.000000
5743.530273 0.000000 504.812073 0.000000 0.592481 0.000000 -0.805585 1.000000 1.000000 1.000000
5742.499023 0.000000 507.904968 0.000000 0.880438 0.000000 -0.474162 1.000000 1.000000 1.000000
5742.626953 0.000000 504.357086 0.000000 0.854657 0.000000 -0.519193 1.000000 1.000000 1.000000
5697.156250 0.000000 471.928955 0.000000 0.865501 0.000000 -0.500908 1.000000 1.000000 1.000000
5258.631836 0.000000 713.801880 0.000000 0.624070 0.000000 -0.781368 1.000000 1.000000 1.000000
5258.644531 0.000000 715.041565 0.000000 0.506236 0.000000 -0.862395 1.000000 1.000000 1.000000
5253.666992 0.000000 727.920410 0.000000 0.774556 0.000000 -0.632505 1.000000 1.000000 1.000000
5269.553711 0.000000 723.268372 0.000000 0.671038 0.000000 -0.741423 1.000000 1.000000 1.000000
5259.230469 0.000000 714.403381 0.000000 0.998864 0.000000 -0.047660 1.000000 1.000000 1.000000
5763.713867 0.000000 544.892090 0.000000 0.602053 0.000000 -0.798456 1.000000 1.000000 1.000000
"}
object={
	name="tree_emperorparasol_01_generator_1_2"
	render_pass=Map
	clamp_to_water_level=no
	generated_content=yes
	layer="tree_high_layer"
	pdxmesh="tree_emperorparasol_01_c_mesh"
	count=65
	transform="2732.618652 0.000000 1913.768555 0.000000 0.377470 0.000000 -0.926022 1.000000 1.000000 1.000000
2730.625244 0.000000 1912.915771 0.000000 0.482804 0.000000 -0.875729 1.000000 1.000000 1.000000
2661.118164 0.000000 2038.294067 0.000000 0.416628 0.000000 -0.909077 1.000000 1.000000 1.000000
2695.928955 0.000000 2027.008057 0.000000 0.051982 0.000000 -0.998648 1.000000 1.000000 1.000000
2694.393066 0.000000 2028.335449 0.000000 0.121335 0.000000 -0.992612 1.000000 1.000000 1.000000
2781.063965 0.000000 2005.192505 0.000000 0.390971 0.000000 -0.920403 1.000000 1.000000 1.000000
2881.624512 0.000000 1898.558228 0.000000 0.048446 0.000000 -0.998826 1.000000 1.000000 1.000000
2898.614502 0.000000 1905.913940 0.000000 0.263823 0.000000 -0.964571 1.000000 1.000000 1.000000
2820.604736 0.000000 1990.675659 0.000000 0.010298 0.000000 -0.999947 1.000000 1.000000 1.000000
2822.678955 0.000000 1991.890991 0.000000 0.238046 0.000000 -0.971254 1.000000 1.000000 1.000000
3043.940918 0.000000 1953.102905 0.000000 0.264410 0.000000 -0.964410 1.000000 1.000000 1.000000
3042.637207 0.000000 1953.846191 0.000000 0.406172 0.000000 -0.913796 1.000000 1.000000 1.000000
2487.991455 0.000000 2219.226807 0.000000 0.319188 0.000000 -0.947691 1.000000 1.000000 1.000000
2489.382568 0.000000 2220.998291 0.000000 0.386848 0.000000 -0.922144 1.000000 1.000000 1.000000
2487.675293 0.000000 2222.889893 0.000000 0.393546 0.000000 -0.919305 1.000000 1.000000 1.000000
2512.068115 0.000000 2237.610107 0.000000 0.425986 0.000000 -0.904730 1.000000 1.000000 1.000000
2507.295898 0.000000 2217.049561 0.000000 0.475319 0.000000 -0.879814 1.000000 1.000000 1.000000
2504.133057 0.000000 2215.394287 0.000000 0.053029 0.000000 -0.998593 1.000000 1.000000 1.000000
2511.154297 0.000000 2229.587402 0.000000 0.116889 0.000000 -0.993145 1.000000 1.000000 1.000000
2507.721436 0.000000 2226.035156 0.000000 0.496365 0.000000 -0.868114 1.000000 1.000000 1.000000
2515.730469 0.000000 2228.617432 0.000000 0.372213 0.000000 -0.928147 1.000000 1.000000 1.000000
2511.597168 0.000000 2223.544678 0.000000 0.324806 0.000000 -0.945781 1.000000 1.000000 1.000000
2510.489502 0.000000 2220.427246 0.000000 0.312545 0.000000 -0.949903 1.000000 1.000000 1.000000
2515.133789 0.000000 2227.273926 0.000000 0.070104 0.000000 -0.997540 1.000000 1.000000 1.000000
2515.990479 0.000000 2222.774658 0.000000 0.347782 0.000000 -0.937576 1.000000 1.000000 1.000000
2657.467529 0.000000 2060.716064 0.000000 0.122782 0.000000 -0.992434 1.000000 1.000000 1.000000
2688.173096 0.000000 2098.616699 0.000000 0.369272 0.000000 -0.929321 1.000000 1.000000 1.000000
2593.355225 0.000000 2280.321777 0.000000 0.140928 0.000000 -0.990020 1.000000 1.000000 1.000000
2621.854980 0.000000 2290.539307 0.000000 0.333190 0.000000 -0.942860 1.000000 1.000000 1.000000
2594.439209 0.000000 2283.481934 0.000000 0.259977 0.000000 -0.965615 1.000000 1.000000 1.000000
2608.307373 0.000000 2281.469727 0.000000 0.039437 0.000000 -0.999222 1.000000 1.000000 1.000000
2644.460205 0.000000 2257.296631 0.000000 0.370345 0.000000 -0.928894 1.000000 1.000000 1.000000
2631.682129 0.000000 2265.574951 0.000000 0.288204 0.000000 -0.957569 1.000000 1.000000 1.000000
2716.878174 0.000000 2269.633301 0.000000 0.226099 0.000000 -0.974104 1.000000 1.000000 1.000000
3006.999512 0.000000 2167.554199 0.000000 0.116078 0.000000 -0.993240 1.000000 1.000000 1.000000
3053.276367 0.000000 2291.908447 0.000000 0.487713 0.000000 -0.873004 1.000000 1.000000 1.000000
3065.936523 0.000000 2271.442139 0.000000 0.171207 0.000000 -0.985235 1.000000 1.000000 1.000000
2952.546631 0.000000 2490.052979 0.000000 0.020824 0.000000 -0.999783 1.000000 1.000000 1.000000
2158.751465 0.000000 2601.545410 0.000000 0.229809 0.000000 -0.973236 1.000000 1.000000 1.000000
2130.647705 0.000000 2620.233398 0.000000 0.402489 0.000000 -0.915425 1.000000 1.000000 1.000000
2133.962158 0.000000 2615.690918 0.000000 0.421391 0.000000 -0.906879 1.000000 1.000000 1.000000
2140.128418 0.000000 2619.135742 0.000000 0.183048 0.000000 -0.983104 1.000000 1.000000 1.000000
2140.199951 0.000000 2615.483398 0.000000 0.316984 0.000000 -0.948431 1.000000 1.000000 1.000000
2130.718018 0.000000 2614.773926 0.000000 0.342004 0.000000 -0.939698 1.000000 1.000000 1.000000
2141.779541 0.000000 2619.804932 0.000000 0.006668 0.000000 -0.999978 1.000000 1.000000 1.000000
2154.934082 0.000000 2628.269287 0.000000 0.107637 0.000000 -0.994190 1.000000 1.000000 1.000000
2118.890625 0.000000 2623.390137 0.000000 0.499589 0.000000 -0.866262 1.000000 1.000000 1.000000
3073.575195 0.000000 2234.629395 0.000000 0.461030 0.000000 -0.887384 1.000000 1.000000 1.000000
3073.381348 0.000000 2238.530029 0.000000 0.394174 0.000000 -0.919036 1.000000 1.000000 1.000000
3071.675049 0.000000 2267.436768 0.000000 0.158060 0.000000 -0.987429 1.000000 1.000000 1.000000
5675.114746 0.000000 423.984863 0.000000 0.478024 0.000000 -0.878347 1.000000 1.000000 1.000000
5657.859863 0.000000 434.449951 0.000000 0.078767 0.000000 -0.996893 1.000000 1.000000 1.000000
5657.371582 0.000000 435.563354 0.000000 0.191532 0.000000 -0.981486 1.000000 1.000000 1.000000
5646.468750 0.000000 462.519989 0.000000 0.186191 0.000000 -0.982514 1.000000 1.000000 1.000000
5670.581543 0.000000 450.658203 0.000000 0.473970 0.000000 -0.880541 1.000000 1.000000 1.000000
5670.959473 0.000000 453.404388 0.000000 0.154994 0.000000 -0.987915 1.000000 1.000000 1.000000
5709.004395 0.000000 510.754730 0.000000 0.167619 0.000000 -0.985852 1.000000 1.000000 1.000000
5699.801758 0.000000 457.548981 0.000000 0.001073 0.000000 -0.999999 1.000000 1.000000 1.000000
5698.744629 0.000000 456.789520 0.000000 0.491622 0.000000 -0.870809 1.000000 1.000000 1.000000
5257.035156 0.000000 714.073608 0.000000 0.368789 0.000000 -0.929513 1.000000 1.000000 1.000000
5259.845703 0.000000 712.695618 0.000000 0.180259 0.000000 -0.983619 1.000000 1.000000 1.000000
5252.226074 0.000000 729.306763 0.000000 0.413798 0.000000 -0.910369 1.000000 1.000000 1.000000
5253.138184 0.000000 727.222473 0.000000 0.358055 0.000000 -0.933700 1.000000 1.000000 1.000000
5622.692383 0.000000 724.354431 0.000000 0.309711 0.000000 -0.950831 1.000000 1.000000 1.000000
5765.742676 0.000000 547.824707 0.000000 0.480043 0.000000 -0.877245 1.000000 1.000000 1.000000
"}
