object={
	name="tree_leaf_2_large_high_generator_1_0"
	render_pass=Map
	clamp_to_water_level=no
	generated_content=yes
	layer="tree_high_layer"
	pdxmesh="tree_leaf_01_a_mesh"
	count=60
	transform="2463.018066 0.000000 2231.402588 0.000000 0.955337 0.000000 0.295518 1.189215 1.189215 1.189215
2460.475830 0.000000 2190.779541 0.000000 0.426329 0.000000 0.904568 1.111953 1.111953 1.111953
2461.329102 0.000000 2194.882812 0.000000 0.994302 0.000000 0.106603 1.179522 1.179522 1.179522
2469.037109 0.000000 2236.898438 0.000000 0.278104 0.000000 0.960551 1.049398 1.049398 1.049398
2476.330322 0.000000 2230.736816 0.000000 0.319633 0.000000 0.947542 1.035827 1.035827 1.035827
2462.426270 0.000000 2192.614258 0.000000 0.636895 0.000000 0.770951 1.083957 1.083957 1.083957
2470.246582 0.000000 2225.979736 0.000000 0.429925 0.000000 0.902865 0.987407 0.987407 0.987407
2459.182617 0.000000 2194.927979 0.000000 0.225448 0.000000 0.974255 0.930351 0.930351 0.930351
2466.611572 0.000000 2233.098877 0.000000 0.834098 0.000000 0.551616 1.047708 1.047708 1.047708
2468.572021 0.000000 2219.589355 0.000000 0.991249 0.000000 0.132007 1.173426 1.173426 1.173426
2469.398926 0.000000 2223.164062 0.000000 0.513480 0.000000 0.858102 0.996033 0.996033 0.996033
2468.175293 0.000000 2231.952393 0.000000 0.962208 0.000000 0.272316 1.136378 1.136378 1.136378
2589.257568 0.000000 2199.102051 0.000000 0.233628 0.000000 0.972326 1.120011 1.120011 1.120011
2592.992188 0.000000 2187.547852 0.000000 0.757858 0.000000 0.652420 0.918923 0.918923 0.918923
2587.452881 0.000000 2214.930908 0.000000 0.735116 0.000000 0.677941 1.057166 1.057166 1.057166
2586.004395 0.000000 2210.445312 0.000000 0.921334 0.000000 0.388772 1.089946 1.089946 1.089946
2586.385986 0.000000 2213.537598 0.000000 0.999861 0.000000 0.016655 1.196457 1.196457 1.196457
2599.277100 0.000000 2194.819092 0.000000 0.452473 0.000000 0.891778 0.625936 0.625936 0.625936
2586.268799 0.000000 2198.041260 0.000000 0.712513 0.000000 0.701659 0.953026 0.953026 0.953026
2586.920410 0.000000 2211.706299 0.000000 0.998095 0.000000 0.061702 1.182983 1.182983 1.182983
2601.979736 0.000000 2193.493408 0.000000 0.821210 0.000000 0.570626 0.990782 0.990782 0.990782
2593.879639 0.000000 2186.442871 0.000000 0.920121 0.000000 0.391634 1.040867 1.040867 1.040867
2846.773682 0.000000 2196.930908 0.000000 0.890112 0.000000 0.455742 1.148964 1.148964 1.148964
2867.297363 0.000000 2195.728271 0.000000 0.499717 0.000000 0.866189 0.867347 0.867347 0.867347
2865.334473 0.000000 2194.292969 0.000000 0.554376 0.000000 0.832267 0.852434 0.852434 0.852434
2927.501709 0.000000 2248.327393 0.000000 0.970303 0.000000 0.241894 1.184629 1.184629 1.184629
2924.282227 0.000000 2252.111572 0.000000 0.386211 0.000000 0.922411 1.087425 1.087425 1.087425
2930.702637 0.000000 2258.182617 0.000000 0.552690 0.000000 0.833387 1.129163 1.129163 1.129163
2937.751465 0.000000 2257.244629 0.000000 0.998876 0.000000 0.047391 1.197302 1.197302 1.197302
2930.657471 0.000000 2249.625000 0.000000 0.950989 0.000000 0.309224 1.172687 1.172687 1.172687
2931.861816 0.000000 2261.182373 0.000000 0.919572 0.000000 0.392922 1.163707 1.163707 1.163707
2928.188965 0.000000 2264.609619 0.000000 0.123120 0.000000 0.992392 0.939834 0.939834 0.939834
2926.737793 0.000000 2254.087891 0.000000 0.384991 0.000000 0.922920 0.981641 0.981641 0.981641
2942.755615 0.000000 2293.283936 0.000000 0.469697 0.000000 0.882828 1.034706 1.034706 1.034706
2929.836670 0.000000 2260.282715 0.000000 0.074762 0.000000 0.997201 0.823537 0.823537 0.823537
2932.416504 0.000000 2293.000977 0.000000 0.930519 0.000000 0.366243 1.109008 1.109008 1.109008
2887.556396 0.000000 2261.223877 0.000000 0.422319 0.000000 0.906447 0.941624 0.941624 0.941624
2927.051025 0.000000 2260.118652 0.000000 0.403471 0.000000 0.914992 0.794983 0.794983 0.794983
2926.563232 0.000000 2258.690918 0.000000 0.999455 0.000000 0.033021 1.188324 1.188324 1.188324
3002.825195 0.000000 2231.030029 0.000000 0.946079 0.000000 0.323936 1.170351 1.170351 1.170351
3009.608887 0.000000 2218.480225 0.000000 0.147013 0.000000 0.989135 1.101931 1.101931 1.101931
3012.544434 0.000000 2228.889648 0.000000 0.671735 0.000000 0.740792 1.167509 1.167509 1.167509
3042.066162 0.000000 2227.463623 0.000000 0.953288 0.000000 0.302062 1.187130 1.187130 1.187130
3048.991943 0.000000 2218.992432 0.000000 0.975537 0.000000 0.219835 1.184728 1.184728 1.184728
3012.901611 0.000000 2217.143066 0.000000 0.510166 0.000000 0.860076 1.029392 1.029392 1.029392
3046.863037 0.000000 2224.166748 0.000000 0.222499 0.000000 0.974933 0.905541 0.905541 0.905541
3049.990234 0.000000 2226.993408 0.000000 0.307736 0.000000 0.951472 1.086938 1.086938 1.086938
3045.328613 0.000000 2223.164062 0.000000 0.853923 0.000000 0.520400 1.080303 1.080303 1.080303
3048.460693 0.000000 2223.404785 0.000000 0.994491 0.000000 0.104819 1.171371 1.171371 1.171371
3046.400879 0.000000 2221.906006 0.000000 0.271324 0.000000 0.962488 0.811729 0.811729 0.811729
2946.448975 0.000000 2279.395264 0.000000 0.999467 0.000000 0.032647 1.196576 1.196576 1.196576
2951.655029 0.000000 2276.546387 0.000000 0.999999 0.000000 0.001331 1.199880 1.199880 1.199880
2942.834473 0.000000 2310.340332 0.000000 0.986175 0.000000 0.165704 1.191522 1.191522 1.191522
2941.527832 0.000000 2307.594482 0.000000 0.015703 0.000000 0.999877 1.088188 1.088188 1.088188
2944.013428 0.000000 2306.730713 0.000000 0.999842 0.000000 0.017776 1.199414 1.199414 1.199414
5550.591309 0.000000 434.369141 0.000000 0.370048 0.000000 0.929013 0.982213 0.982213 0.982213
5579.151367 0.000000 418.697968 0.000000 0.843106 0.000000 0.537748 0.989084 0.989084 0.989084
5642.458984 0.000000 432.406342 0.000000 0.840625 0.000000 0.541618 1.122838 1.122838 1.122838
5634.405273 0.000000 428.018311 0.000000 0.539437 0.000000 0.842026 0.609209 0.609209 0.609209
5635.140625 0.000000 429.852356 0.000000 0.925712 0.000000 0.378229 0.971078 0.971078 0.971078
"}
object={
	name="tree_leaf_2_large_high_generator_1_1"
	render_pass=Map
	clamp_to_water_level=no
	generated_content=yes
	layer="tree_high_layer"
	pdxmesh="tree_leaf_01_b_mesh"
	count=71
	transform="2472.024902 0.000000 2237.409424 0.000000 0.155755 0.000000 -0.987796 1.263560 1.263560 1.263560
2462.563721 0.000000 2236.438477 0.000000 0.758638 0.000000 -0.651512 1.246768 1.246768 1.246768
2454.691162 0.000000 2195.506348 0.000000 0.763395 0.000000 -0.645932 1.258907 1.258907 1.258907
2457.423096 0.000000 2195.707764 0.000000 0.981322 0.000000 -0.192371 1.227257 1.227257 1.227257
2482.981445 0.000000 2227.814209 0.000000 0.806597 0.000000 -0.591102 1.345888 1.345888 1.345888
2472.537109 0.000000 2232.652100 0.000000 0.732983 0.000000 -0.680246 1.489115 1.489115 1.489115
2464.239990 0.000000 2235.553955 0.000000 0.818433 0.000000 -0.574602 1.387049 1.387049 1.387049
2471.016113 0.000000 2229.649902 0.000000 0.687832 0.000000 -0.725870 1.411717 1.411717 1.411717
2584.702881 0.000000 2197.801025 0.000000 0.456258 0.000000 -0.889848 1.239438 1.239438 1.239438
2597.114746 0.000000 2181.212891 0.000000 0.825458 0.000000 -0.564463 1.214375 1.214375 1.214375
2581.190186 0.000000 2201.732910 0.000000 0.064656 0.000000 -0.997908 1.245121 1.245121 1.245121
2585.094727 0.000000 2212.199463 0.000000 0.328150 0.000000 -0.944625 1.292606 1.292606 1.292606
2607.540771 0.000000 2184.343018 0.000000 0.281222 0.000000 -0.959643 1.273185 1.273185 1.273185
2584.207031 0.000000 2200.782715 0.000000 0.992612 0.000000 -0.121335 1.210203 1.210203 1.210203
2607.157715 0.000000 2187.243652 0.000000 0.874046 0.000000 -0.485843 1.295753 1.295753 1.295753
2588.395264 0.000000 2201.769775 0.000000 0.326897 0.000000 -0.945060 1.322371 1.322371 1.322371
2594.505371 0.000000 2189.466064 0.000000 0.934990 0.000000 -0.354674 1.287982 1.287982 1.287982
2594.137695 0.000000 2191.529785 0.000000 0.817926 0.000000 -0.575323 1.328552 1.328552 1.328552
2584.241211 0.000000 2202.597656 0.000000 0.952133 0.000000 -0.305685 1.265148 1.265148 1.265148
2595.762695 0.000000 2188.289307 0.000000 0.584926 0.000000 -0.811087 1.429563 1.429563 1.429563
2592.188477 0.000000 2189.119873 0.000000 0.635378 0.000000 -0.772201 1.480183 1.480183 1.480183
2586.456299 0.000000 2204.841064 0.000000 0.929110 0.000000 -0.369803 1.293056 1.293056 1.293056
2596.203613 0.000000 2200.221924 0.000000 0.910174 0.000000 -0.414225 1.344584 1.344584 1.344584
2601.264648 0.000000 2196.977539 0.000000 0.602137 0.000000 -0.798393 1.712456 1.712456 1.712456
2590.203369 0.000000 2185.325684 0.000000 0.433707 0.000000 -0.901054 1.505936 1.505936 1.505936
2607.746338 0.000000 2188.827393 0.000000 0.967231 0.000000 -0.253897 1.269984 1.269984 1.269984
2587.764648 0.000000 2198.387939 0.000000 0.979686 0.000000 -0.200539 1.264118 1.264118 1.264118
2584.701416 0.000000 2204.383789 0.000000 0.994828 0.000000 -0.101571 1.231701 1.231701 1.231701
2586.869385 0.000000 2209.177002 0.000000 0.624731 0.000000 -0.780840 1.546277 1.546277 1.546277
2859.365723 0.000000 2194.145752 0.000000 0.959906 0.000000 -0.280322 1.218727 1.218727 1.218727
2856.833984 0.000000 2195.410889 0.000000 0.993854 0.000000 -0.110696 1.209969 1.209969 1.209969
2918.135010 0.000000 2260.126709 0.000000 0.975965 0.000000 -0.217928 1.219745 1.219745 1.219745
2925.069336 0.000000 2265.323242 0.000000 0.949005 0.000000 -0.315260 1.214413 1.214413 1.214413
2927.118652 0.000000 2251.228027 0.000000 0.321265 0.000000 -0.946989 1.311781 1.311781 1.311781
2920.124512 0.000000 2262.134521 0.000000 0.816582 0.000000 -0.577229 1.251616 1.251616 1.251616
2925.006592 0.000000 2262.723145 0.000000 0.693638 0.000000 -0.720324 1.339750 1.339750 1.339750
2930.110840 0.000000 2263.002930 0.000000 0.726569 0.000000 -0.687094 1.311196 1.311196 1.311196
2926.839600 0.000000 2263.226807 0.000000 0.228769 0.000000 -0.973481 1.525166 1.525166 1.525166
2933.650146 0.000000 2296.131592 0.000000 0.175835 0.000000 -0.984420 1.605106 1.605106 1.605106
2926.286865 0.000000 2261.600586 0.000000 0.478356 0.000000 -0.878166 1.575758 1.575758 1.575758
2924.408447 0.000000 2261.234619 0.000000 0.427377 0.000000 -0.904073 1.528146 1.528146 1.528146
3002.195312 0.000000 2233.896973 0.000000 0.386808 0.000000 -0.922160 1.287901 1.287901 1.287901
3007.260498 0.000000 2219.178467 0.000000 0.915910 0.000000 -0.401384 1.237121 1.237121 1.237121
3003.367188 0.000000 2221.658691 0.000000 0.452337 0.000000 -0.891847 1.397981 1.397981 1.397981
3005.518066 0.000000 2220.941406 0.000000 0.218973 0.000000 -0.975731 1.418404 1.418404 1.418404
3044.837891 0.000000 2221.386475 0.000000 0.987111 0.000000 -0.160036 1.226483 1.226483 1.226483
3015.215820 0.000000 2222.117188 0.000000 0.744747 0.000000 -0.667347 1.248156 1.248156 1.248156
3047.941895 0.000000 2221.581787 0.000000 0.723932 0.000000 -0.689871 1.428078 1.428078 1.428078
3046.176270 0.000000 2225.979736 0.000000 0.547510 0.000000 -0.836799 1.416819 1.416819 1.416819
3049.911377 0.000000 2221.670898 0.000000 0.468947 0.000000 -0.883226 1.453002 1.453002 1.453002
2948.909424 0.000000 2281.127441 0.000000 0.826886 0.000000 -0.562369 1.307356 1.307356 1.307356
2946.103027 0.000000 2276.150146 0.000000 0.417412 0.000000 -0.908718 1.292229 1.292229 1.292229
2945.606689 0.000000 2288.350830 0.000000 0.989508 0.000000 -0.144480 1.214768 1.214768 1.214768
2949.974121 0.000000 2279.306152 0.000000 0.921595 0.000000 -0.388152 1.265683 1.265683 1.265683
2941.295898 0.000000 2304.244141 0.000000 0.981836 0.000000 -0.189734 1.210866 1.210866 1.210866
5531.887207 0.000000 434.410461 0.000000 0.946086 0.000000 -0.323916 1.428282 1.428282 1.428282
5552.963379 0.000000 433.566986 0.000000 0.994501 0.000000 -0.104726 1.223574 1.223574 1.223574
5535.865234 0.000000 443.991425 0.000000 0.999085 0.000000 -0.042769 1.210894 1.210894 1.210894
5530.448730 0.000000 435.413361 0.000000 0.861939 0.000000 -0.507013 1.567970 1.567970 1.567970
5535.682129 0.000000 445.805084 0.000000 0.868218 0.000000 -0.496182 1.315102 1.315102 1.315102
5547.815430 0.000000 408.528351 0.000000 0.803989 0.000000 -0.594645 1.383152 1.383152 1.383152
5547.120117 0.000000 407.062805 0.000000 0.570304 0.000000 -0.821433 1.653380 1.653380 1.653380
5580.490234 0.000000 419.509186 0.000000 0.580190 0.000000 -0.814481 1.465195 1.465195 1.465195
5617.008789 0.000000 448.549988 0.000000 0.824185 0.000000 -0.566321 1.447095 1.447095 1.447095
5616.548340 0.000000 450.496613 0.000000 0.354428 0.000000 -0.935083 1.420849 1.420849 1.420849
5645.296387 0.000000 433.565735 0.000000 0.349708 0.000000 -0.936859 1.319974 1.319974 1.319974
5645.601074 0.000000 430.947876 0.000000 0.277736 0.000000 -0.960657 1.489706 1.489706 1.489706
5643.338867 0.000000 434.472565 0.000000 0.638828 0.000000 -0.769350 1.691778 1.691778 1.691778
5643.998047 0.000000 431.590912 0.000000 0.995831 0.000000 -0.091217 1.227913 1.227913 1.227913
5642.066406 0.000000 430.768158 0.000000 0.975593 0.000000 -0.219587 1.267652 1.267652 1.267652
5642.929199 0.000000 435.764099 0.000000 0.842810 0.000000 -0.538212 1.518384 1.518384 1.518384
"}
