object={
	name="tree_sakura_forest_generator_0"
	render_pass=Map
	clamp_to_water_level=no
	generated_content=yes
	layer="tree_high_layer"
	pdxmesh="tree_sakura_01_mesh"
	count=62
	transform="7885.452637 0.000000 2702.819092 0.000000 0.050938 0.000000 0.998702 1.000000 1.000000 1.000000
7949.885254 0.000000 2604.817383 0.000000 0.069806 0.000000 0.997561 1.000000 1.000000 1.000000
7945.097656 0.000000 2604.347168 0.000000 0.824685 0.000000 0.565593 1.000000 1.000000 1.000000
8097.661621 0.000000 2790.158447 0.000000 0.491236 0.000000 0.871026 1.000000 1.000000 1.000000
8107.259277 0.000000 2790.192871 0.000000 0.398075 0.000000 0.917353 1.000000 1.000000 1.000000
8108.472656 0.000000 2787.284912 0.000000 0.588906 0.000000 0.808201 1.000000 1.000000 1.000000
8175.942383 0.000000 2826.010254 0.000000 0.190932 0.000000 0.981603 1.000000 1.000000 1.000000
8235.250977 0.000000 2832.515381 0.000000 0.620030 0.000000 0.784578 1.000000 1.000000 1.000000
8229.469727 0.000000 2831.555176 0.000000 0.390951 0.000000 0.920412 1.000000 1.000000 1.000000
8232.105469 0.000000 2848.193604 0.000000 0.828181 0.000000 0.560461 1.000000 1.000000 1.000000
8235.042969 0.000000 2845.271973 0.000000 0.729518 0.000000 0.683961 1.000000 1.000000 1.000000
8231.291016 0.000000 2850.875732 0.000000 0.776662 0.000000 0.629918 1.000000 1.000000 1.000000
8230.681641 0.000000 2849.297607 0.000000 0.083944 0.000000 0.996471 1.000000 1.000000 1.000000
8098.086914 0.000000 2892.214600 0.000000 0.212361 0.000000 0.977191 1.000000 1.000000 1.000000
8113.902832 0.000000 2890.469971 0.000000 0.564376 0.000000 0.825518 1.000000 1.000000 1.000000
8112.821289 0.000000 2891.892334 0.000000 0.752878 0.000000 0.658160 1.000000 1.000000 1.000000
8175.080078 0.000000 2891.913818 0.000000 0.024798 0.000000 0.999692 1.000000 1.000000 1.000000
8234.434570 0.000000 2890.539795 0.000000 0.827321 0.000000 0.561730 1.000000 1.000000 1.000000
8236.650391 0.000000 2892.728516 0.000000 0.240493 0.000000 0.970651 1.000000 1.000000 1.000000
8317.839844 0.000000 2937.870850 0.000000 0.121273 0.000000 0.992619 1.000000 1.000000 1.000000
8313.668945 0.000000 2929.094727 0.000000 0.564125 0.000000 0.825690 1.000000 1.000000 1.000000
8317.065430 0.000000 2932.198730 0.000000 0.340011 0.000000 0.940421 1.000000 1.000000 1.000000
8316.165039 0.000000 2922.033691 0.000000 0.481736 0.000000 0.876317 1.000000 1.000000 1.000000
8312.306641 0.000000 2926.539307 0.000000 0.071311 0.000000 0.997454 1.000000 1.000000 1.000000
8314.522461 0.000000 2931.681641 0.000000 0.215798 0.000000 0.976438 1.000000 1.000000 1.000000
8314.887695 0.000000 2926.875732 0.000000 0.461969 0.000000 0.886896 1.000000 1.000000 1.000000
8313.099609 0.000000 2921.761475 0.000000 0.857725 0.000000 0.514109 1.000000 1.000000 1.000000
8314.615234 0.000000 2922.490967 0.000000 0.814978 0.000000 0.579492 1.000000 1.000000 1.000000
8313.657227 0.000000 2991.645508 0.000000 0.590369 0.000000 0.807133 1.000000 1.000000 1.000000
8339.311523 0.000000 2985.361328 0.000000 0.232544 0.000000 0.972586 1.000000 1.000000 1.000000
8333.709961 0.000000 2979.661377 0.000000 0.121556 0.000000 0.992585 1.000000 1.000000 1.000000
8327.000977 0.000000 2982.226318 0.000000 0.480310 0.000000 0.877099 1.000000 1.000000 1.000000
8329.323242 0.000000 2983.320068 0.000000 0.832194 0.000000 0.554485 1.000000 1.000000 1.000000
8366.200195 0.000000 2942.880859 0.000000 0.344438 0.000000 0.938809 1.000000 1.000000 1.000000
8401.225586 0.000000 2948.294922 0.000000 0.002143 0.000000 0.999998 1.000000 1.000000 1.000000
8399.678711 0.000000 2950.452393 0.000000 0.446216 0.000000 0.894925 1.000000 1.000000 1.000000
8446.889648 0.000000 3003.730469 0.000000 0.297633 0.000000 0.954680 1.000000 1.000000 1.000000
8392.950195 0.000000 3075.002686 0.000000 0.851693 0.000000 0.524042 1.000000 1.000000 1.000000
8405.367188 0.000000 3077.569092 0.000000 0.351639 0.000000 0.936136 1.000000 1.000000 1.000000
8411.832031 0.000000 3093.170166 0.000000 0.272550 0.000000 0.962142 1.000000 1.000000 1.000000
8440.493164 0.000000 3072.859375 0.000000 0.710540 0.000000 0.703657 1.000000 1.000000 1.000000
8402.308594 0.000000 3100.870361 0.000000 0.530575 0.000000 0.847638 1.000000 1.000000 1.000000
8424.775391 0.000000 3113.167480 0.000000 0.663358 0.000000 0.748302 1.000000 1.000000 1.000000
8464.942383 0.000000 3146.987061 0.000000 0.575492 0.000000 0.817807 1.000000 1.000000 1.000000
8458.315430 0.000000 3158.255371 0.000000 0.839493 0.000000 0.543371 1.000000 1.000000 1.000000
8474.435547 0.000000 3154.342041 0.000000 0.687982 0.000000 0.725728 1.000000 1.000000 1.000000
8473.651367 0.000000 3160.829346 0.000000 0.607072 0.000000 0.794647 1.000000 1.000000 1.000000
8455.384766 0.000000 3161.364258 0.000000 0.669788 0.000000 0.742553 1.000000 1.000000 1.000000
8423.220703 0.000000 3109.377441 0.000000 0.357298 0.000000 0.933991 1.000000 1.000000 1.000000
8467.219727 0.000000 3150.114746 0.000000 0.611096 0.000000 0.791557 1.000000 1.000000 1.000000
8439.293945 0.000000 3097.092529 0.000000 0.660482 0.000000 0.750842 1.000000 1.000000 1.000000
8466.032227 0.000000 3170.141113 0.000000 0.418060 0.000000 0.908420 1.000000 1.000000 1.000000
8424.547852 0.000000 3302.912842 0.000000 0.172519 0.000000 0.985006 1.000000 1.000000 1.000000
8423.503906 0.000000 3314.986572 0.000000 0.529206 0.000000 0.848494 1.000000 1.000000 1.000000
8402.999023 0.000000 3417.338867 0.000000 0.125468 0.000000 0.992098 1.000000 1.000000 1.000000
8416.685547 0.000000 3419.254395 0.000000 0.541801 0.000000 0.840507 1.000000 1.000000 1.000000
8387.021484 0.000000 3404.937012 0.000000 0.042178 0.000000 0.999110 1.000000 1.000000 1.000000
8402.999023 0.000000 3489.323242 0.000000 0.129093 0.000000 0.991633 1.000000 1.000000 1.000000
8442.634766 0.000000 3519.732422 0.000000 0.844863 0.000000 0.534983 1.000000 1.000000 1.000000
8383.462891 0.000000 3544.459717 0.000000 0.507353 0.000000 0.861738 1.000000 1.000000 1.000000
8447.356445 0.000000 3527.633057 0.000000 0.245407 0.000000 0.969420 1.000000 1.000000 1.000000
8495.311523 0.000000 3507.491211 0.000000 0.612167 0.000000 0.790729 1.000000 1.000000 1.000000
"}
object={
	name="tree_sakura_forest_generator_1"
	render_pass=Map
	clamp_to_water_level=no
	generated_content=yes
	layer="tree_high_layer"
	pdxmesh="tree_sakura_02_mesh"
	count=67
	transform="7916.077637 0.000000 2704.093994 0.000000 0.902995 0.000000 -0.429651 1.000000 1.000000 1.000000
7917.248047 0.000000 2708.586670 0.000000 0.968581 0.000000 -0.248698 1.000000 1.000000 1.000000
7937.807129 0.000000 2595.662109 0.000000 0.985998 0.000000 -0.166755 1.000000 1.000000 1.000000
7947.586426 0.000000 2611.634766 0.000000 0.914063 0.000000 -0.405573 1.000000 1.000000 1.000000
8103.796387 0.000000 2790.503906 0.000000 0.999939 0.000000 -0.011035 1.000000 1.000000 1.000000
8104.473633 0.000000 2793.223633 0.000000 0.911569 0.000000 0.411147 1.000000 1.000000 1.000000
8106.284668 0.000000 2792.086182 0.000000 0.995768 0.000000 -0.091903 1.000000 1.000000 1.000000
8201.658203 0.000000 2792.474854 0.000000 0.872452 0.000000 0.488701 1.000000 1.000000 1.000000
8189.430664 0.000000 2832.077881 0.000000 0.994231 0.000000 0.107256 1.000000 1.000000 1.000000
8174.287109 0.000000 2823.138428 0.000000 0.920813 0.000000 0.390003 1.000000 1.000000 1.000000
8226.308594 0.000000 2826.986328 0.000000 0.931152 0.000000 0.364631 1.000000 1.000000 1.000000
8231.299805 0.000000 2836.938721 0.000000 0.899719 0.000000 0.436469 1.000000 1.000000 1.000000
8230.095703 0.000000 2851.433350 0.000000 0.924514 0.000000 0.381148 1.000000 1.000000 1.000000
8097.675293 0.000000 2894.924561 0.000000 0.900628 0.000000 0.434590 1.000000 1.000000 1.000000
8174.287109 0.000000 2895.122803 0.000000 0.982496 0.000000 -0.186285 1.000000 1.000000 1.000000
8261.696289 0.000000 2919.696533 0.000000 1.000000 0.000000 0.000685 1.000000 1.000000 1.000000
8239.488281 0.000000 2894.286865 0.000000 0.900905 0.000000 -0.434016 1.000000 1.000000 1.000000
8238.511719 0.000000 2889.482422 0.000000 0.952478 0.000000 0.304607 1.000000 1.000000 1.000000
8314.331055 0.000000 2942.302246 0.000000 0.958591 0.000000 -0.284788 1.000000 1.000000 1.000000
8310.932617 0.000000 2921.374023 0.000000 0.913599 0.000000 -0.406617 1.000000 1.000000 1.000000
8311.925781 0.000000 2931.468018 0.000000 0.985788 0.000000 0.167996 1.000000 1.000000 1.000000
8342.899414 0.000000 2897.268311 0.000000 0.923483 0.000000 -0.383640 1.000000 1.000000 1.000000
8310.337891 0.000000 2923.771240 0.000000 0.993941 0.000000 0.109912 1.000000 1.000000 1.000000
8315.954102 0.000000 2929.809570 0.000000 0.984407 0.000000 0.175907 1.000000 1.000000 1.000000
8315.137695 0.000000 2924.172363 0.000000 0.876587 0.000000 0.481243 1.000000 1.000000 1.000000
8329.969727 0.000000 2992.298828 0.000000 0.978919 0.000000 0.204250 1.000000 1.000000 1.000000
8335.013672 0.000000 2983.291992 0.000000 0.986463 0.000000 -0.163986 1.000000 1.000000 1.000000
8330.316406 0.000000 2956.901611 0.000000 0.905298 0.000000 0.424776 1.000000 1.000000 1.000000
8328.148438 0.000000 2985.839355 0.000000 0.991992 0.000000 0.126297 1.000000 1.000000 1.000000
8326.577148 0.000000 2987.796631 0.000000 0.934586 0.000000 0.355736 1.000000 1.000000 1.000000
8405.602539 0.000000 2947.507080 0.000000 0.959907 0.000000 0.280319 1.000000 1.000000 1.000000
8401.925781 0.000000 2949.117432 0.000000 0.997537 0.000000 -0.070135 1.000000 1.000000 1.000000
8408.715820 0.000000 2955.239746 0.000000 0.934754 0.000000 -0.355296 1.000000 1.000000 1.000000
8401.631836 0.000000 2953.118652 0.000000 0.925806 0.000000 0.377999 1.000000 1.000000 1.000000
8452.621094 0.000000 3003.544434 0.000000 0.999946 0.000000 -0.010357 1.000000 1.000000 1.000000
8449.891602 0.000000 3003.548096 0.000000 0.943730 0.000000 0.330717 1.000000 1.000000 1.000000
8403.298828 0.000000 3077.302246 0.000000 0.982934 0.000000 -0.183956 1.000000 1.000000 1.000000
8441.504883 0.000000 3093.255127 0.000000 0.993114 0.000000 -0.117149 1.000000 1.000000 1.000000
8433.366211 0.000000 3083.033936 0.000000 0.995493 0.000000 -0.094834 1.000000 1.000000 1.000000
8404.587891 0.000000 3096.935303 0.000000 0.991640 0.000000 -0.129035 1.000000 1.000000 1.000000
8418.216797 0.000000 3102.502930 0.000000 0.962879 0.000000 -0.269933 1.000000 1.000000 1.000000
8420.203125 0.000000 3118.755615 0.000000 0.999985 0.000000 -0.005437 1.000000 1.000000 1.000000
8420.598633 0.000000 3113.852783 0.000000 0.902867 0.000000 0.429920 1.000000 1.000000 1.000000
8416.459961 0.000000 3115.343994 0.000000 0.891563 0.000000 0.452897 1.000000 1.000000 1.000000
8416.768555 0.000000 3097.542480 0.000000 0.900601 0.000000 -0.434646 1.000000 1.000000 1.000000
8468.448242 0.000000 3165.013672 0.000000 0.937529 0.000000 -0.347907 1.000000 1.000000 1.000000
8441.752930 0.000000 3099.552734 0.000000 0.870979 0.000000 0.491320 1.000000 1.000000 1.000000
8334.536133 0.000000 3369.284180 0.000000 0.890246 0.000000 0.455481 1.000000 1.000000 1.000000
8420.023438 0.000000 3207.984619 0.000000 0.958145 0.000000 0.286282 1.000000 1.000000 1.000000
8423.888672 0.000000 3205.750000 0.000000 0.944821 0.000000 -0.327588 1.000000 1.000000 1.000000
8440.840820 0.000000 3208.824463 0.000000 0.925947 0.000000 0.377654 1.000000 1.000000 1.000000
8442.913086 0.000000 3220.537109 0.000000 0.981617 0.000000 -0.190861 1.000000 1.000000 1.000000
8425.279297 0.000000 3305.854492 0.000000 0.901478 0.000000 -0.432825 1.000000 1.000000 1.000000
8425.146484 0.000000 3307.806641 0.000000 0.876150 0.000000 0.482038 1.000000 1.000000 1.000000
8389.106445 0.000000 3406.792480 0.000000 0.998176 0.000000 -0.060370 1.000000 1.000000 1.000000
8411.303711 0.000000 3417.267578 0.000000 0.999319 0.000000 0.036897 1.000000 1.000000 1.000000
8407.233398 0.000000 3420.038574 0.000000 0.866400 0.000000 0.499351 1.000000 1.000000 1.000000
8464.942383 0.000000 3434.924561 0.000000 0.999894 0.000000 0.014555 1.000000 1.000000 1.000000
8474.435547 0.000000 3442.279541 0.000000 0.876459 0.000000 0.481476 1.000000 1.000000 1.000000
8470.738281 0.000000 3441.232422 0.000000 0.885287 0.000000 -0.465045 1.000000 1.000000 1.000000
8501.334961 0.000000 3449.142822 0.000000 0.951655 0.000000 -0.307169 1.000000 1.000000 1.000000
8505.497070 0.000000 3444.947266 0.000000 0.998025 0.000000 -0.062815 1.000000 1.000000 1.000000
8393.255859 0.000000 3455.971436 0.000000 0.908959 0.000000 -0.416885 1.000000 1.000000 1.000000
8491.101562 0.000000 3504.537109 0.000000 0.914539 0.000000 -0.404497 1.000000 1.000000 1.000000
8494.624023 0.000000 3507.958252 0.000000 0.895719 0.000000 0.444621 1.000000 1.000000 1.000000
8495.880859 0.000000 3493.687500 0.000000 0.990846 0.000000 0.134998 1.000000 1.000000 1.000000
8499.867188 0.000000 3508.532715 0.000000 0.998334 0.000000 0.057701 1.000000 1.000000 1.000000
"}
object={
	name="tree_sakura_forest_generator_2"
	render_pass=Map
	clamp_to_water_level=no
	generated_content=yes
	layer="tree_high_layer"
	pdxmesh="tree_sakura_03_mesh"
	count=82
	transform="7887.494141 0.000000 2702.651855 0.000000 0.299951 0.000000 -0.953955 1.000000 1.000000 1.000000
7946.465820 0.000000 2602.602295 0.000000 0.465966 0.000000 -0.884803 1.000000 1.000000 1.000000
7937.187500 0.000000 2599.938477 0.000000 0.564716 0.000000 -0.825285 1.000000 1.000000 1.000000
7921.363281 0.000000 2711.811035 0.000000 0.465427 0.000000 -0.885086 1.000000 1.000000 1.000000
7928.429688 0.000000 2712.352295 0.000000 0.699878 0.000000 -0.714262 1.000000 1.000000 1.000000
8104.980957 0.000000 2787.065186 0.000000 0.768983 0.000000 -0.639270 1.000000 1.000000 1.000000
8089.754883 0.000000 2792.125244 0.000000 0.822556 0.000000 -0.568684 1.000000 1.000000 1.000000
8111.060059 0.000000 2789.221924 0.000000 0.695257 0.000000 -0.718762 1.000000 1.000000 1.000000
8109.654297 0.000000 2784.371826 0.000000 0.709088 0.000000 -0.705120 1.000000 1.000000 1.000000
8093.439453 0.000000 2791.096680 0.000000 0.436629 0.000000 -0.899642 1.000000 1.000000 1.000000
8109.453125 0.000000 2791.190186 0.000000 0.493966 0.000000 -0.869481 1.000000 1.000000 1.000000
8194.378906 0.000000 2790.010010 0.000000 0.586594 0.000000 -0.809882 1.000000 1.000000 1.000000
8177.222656 0.000000 2813.853271 0.000000 0.709039 0.000000 -0.705169 1.000000 1.000000 1.000000
8183.725586 0.000000 2831.893799 0.000000 0.197522 0.000000 -0.980299 1.000000 1.000000 1.000000
8227.780273 0.000000 2822.363037 0.000000 0.176256 0.000000 -0.984344 1.000000 1.000000 1.000000
8228.300781 0.000000 2835.393799 0.000000 0.099923 0.000000 -0.994995 1.000000 1.000000 1.000000
8272.822266 0.000000 2894.591553 0.000000 0.492154 0.000000 -0.870508 1.000000 1.000000 1.000000
8266.604492 0.000000 2887.591797 0.000000 0.504307 0.000000 -0.863524 1.000000 1.000000 1.000000
8266.118164 0.000000 2907.616455 0.000000 0.068946 0.000000 -0.997620 1.000000 1.000000 1.000000
8263.249023 0.000000 2916.147949 0.000000 0.089162 0.000000 -0.996017 1.000000 1.000000 1.000000
8267.493164 0.000000 2900.085938 0.000000 0.743579 0.000000 -0.668648 1.000000 1.000000 1.000000
8266.343750 0.000000 2901.831543 0.000000 0.262549 0.000000 -0.964919 1.000000 1.000000 1.000000
8313.638672 0.000000 2934.127197 0.000000 0.687715 0.000000 -0.725981 1.000000 1.000000 1.000000
8307.684570 0.000000 2920.698242 0.000000 0.798079 0.000000 -0.602553 1.000000 1.000000 1.000000
8318.197266 0.000000 2928.908936 0.000000 0.390927 0.000000 -0.920422 1.000000 1.000000 1.000000
8316.383789 0.000000 2945.083984 0.000000 0.832631 0.000000 -0.553829 1.000000 1.000000 1.000000
8316.845703 0.000000 2935.154541 0.000000 0.462335 0.000000 -0.886705 1.000000 1.000000 1.000000
8320.450195 0.000000 2937.192383 0.000000 0.782712 0.000000 -0.622385 1.000000 1.000000 1.000000
8331.006836 0.000000 2985.432617 0.000000 0.711530 0.000000 -0.702656 1.000000 1.000000 1.000000
8325.405273 0.000000 2985.284668 0.000000 0.329568 0.000000 -0.944132 1.000000 1.000000 1.000000
8330.200195 0.000000 2980.464355 0.000000 0.769356 0.000000 -0.638820 1.000000 1.000000 1.000000
8321.049805 0.000000 2984.030273 0.000000 0.511986 0.000000 -0.858994 1.000000 1.000000 1.000000
8329.011719 0.000000 2988.566895 0.000000 0.300068 0.000000 -0.953918 1.000000 1.000000 1.000000
8332.085938 0.000000 2982.660889 0.000000 0.016373 0.000000 -0.999866 1.000000 1.000000 1.000000
8351.352539 0.000000 2907.364502 0.000000 0.275717 0.000000 -0.961239 1.000000 1.000000 1.000000
8399.819336 0.000000 2947.425293 0.000000 0.695566 0.000000 -0.718463 1.000000 1.000000 1.000000
8398.693359 0.000000 2949.201904 0.000000 0.517952 0.000000 -0.855410 1.000000 1.000000 1.000000
8400.116211 0.000000 2949.172607 0.000000 0.525449 0.000000 -0.850825 1.000000 1.000000 1.000000
8404.759766 0.000000 2955.753174 0.000000 0.623039 0.000000 -0.782191 1.000000 1.000000 1.000000
8406.993164 0.000000 2952.101562 0.000000 0.280421 0.000000 -0.959877 1.000000 1.000000 1.000000
8397.242188 0.000000 2951.979004 0.000000 0.682273 0.000000 -0.731098 1.000000 1.000000 1.000000
8455.910156 0.000000 3003.452393 0.000000 0.333256 0.000000 -0.942836 1.000000 1.000000 1.000000
8451.157227 0.000000 3006.140137 0.000000 0.682890 0.000000 -0.730521 1.000000 1.000000 1.000000
8455.412109 0.000000 3007.905762 0.000000 0.577549 0.000000 -0.816356 1.000000 1.000000 1.000000
8450.876953 0.000000 3007.408447 0.000000 0.397433 0.000000 -0.917631 1.000000 1.000000 1.000000
8415.803711 0.000000 3093.471924 0.000000 0.661421 0.000000 -0.750014 1.000000 1.000000 1.000000
8433.504883 0.000000 3085.025391 0.000000 0.049161 0.000000 -0.998791 1.000000 1.000000 1.000000
8438.497070 0.000000 3094.068115 0.000000 0.864141 0.000000 -0.503250 1.000000 1.000000 1.000000
8435.330078 0.000000 3087.551514 0.000000 0.093192 0.000000 -0.995648 1.000000 1.000000 1.000000
8413.029297 0.000000 3096.174316 0.000000 0.113926 0.000000 -0.993489 1.000000 1.000000 1.000000
8404.928711 0.000000 3105.312256 0.000000 0.569493 0.000000 -0.821996 1.000000 1.000000 1.000000
8452.003906 0.000000 3158.095703 0.000000 0.615009 0.000000 -0.788520 1.000000 1.000000 1.000000
8473.195312 0.000000 3165.941406 0.000000 0.546059 0.000000 -0.837747 1.000000 1.000000 1.000000
8442.806641 0.000000 3095.334961 0.000000 0.812178 0.000000 -0.583409 1.000000 1.000000 1.000000
8441.132812 0.000000 3103.829102 0.000000 0.706606 0.000000 -0.707608 1.000000 1.000000 1.000000
8446.463867 0.000000 3115.402832 0.000000 0.466049 0.000000 -0.884759 1.000000 1.000000 1.000000
8473.291992 0.000000 3157.506592 0.000000 0.855724 0.000000 -0.517433 1.000000 1.000000 1.000000
8442.583984 0.000000 3106.904541 0.000000 0.191804 0.000000 -0.981433 1.000000 1.000000 1.000000
8470.250977 0.000000 3167.253174 0.000000 0.393657 0.000000 -0.919258 1.000000 1.000000 1.000000
8441.991211 0.000000 3101.738037 0.000000 0.647948 0.000000 -0.761684 1.000000 1.000000 1.000000
8443.095703 0.000000 3104.831787 0.000000 0.431141 0.000000 -0.902284 1.000000 1.000000 1.000000
8338.174805 0.000000 3368.146729 0.000000 0.614575 0.000000 -0.788858 1.000000 1.000000 1.000000
8420.862305 0.000000 3200.952637 0.000000 0.619108 0.000000 -0.785306 1.000000 1.000000 1.000000
8423.344727 0.000000 3195.302002 0.000000 0.575997 0.000000 -0.817452 1.000000 1.000000 1.000000
8426.193359 0.000000 3200.548584 0.000000 0.516583 0.000000 -0.856237 1.000000 1.000000 1.000000
8423.124023 0.000000 3210.965088 0.000000 0.213479 0.000000 -0.976948 1.000000 1.000000 1.000000
8472.941406 0.000000 3167.485107 0.000000 0.617532 0.000000 -0.786545 1.000000 1.000000 1.000000
8423.169922 0.000000 3202.273438 0.000000 0.069242 0.000000 -0.997600 1.000000 1.000000 1.000000
8422.373047 0.000000 3302.377197 0.000000 0.622994 0.000000 -0.782227 1.000000 1.000000 1.000000
8421.917969 0.000000 3309.785645 0.000000 0.651166 0.000000 -0.758935 1.000000 1.000000 1.000000
8429.342773 0.000000 3305.174072 0.000000 0.160214 0.000000 -0.987082 1.000000 1.000000 1.000000
8376.939453 0.000000 3418.627686 0.000000 0.863640 0.000000 -0.504109 1.000000 1.000000 1.000000
8401.961914 0.000000 3424.205078 0.000000 0.174903 0.000000 -0.984586 1.000000 1.000000 1.000000
8391.918945 0.000000 3401.885254 0.000000 0.680039 0.000000 -0.733176 1.000000 1.000000 1.000000
8481.245117 0.000000 3424.705566 0.000000 0.027305 0.000000 -0.999627 1.000000 1.000000 1.000000
8469.991211 0.000000 3445.772461 0.000000 0.296737 0.000000 -0.954959 1.000000 1.000000 1.000000
8473.291992 0.000000 3445.444092 0.000000 0.640635 0.000000 -0.767846 1.000000 1.000000 1.000000
8471.653320 0.000000 3443.585205 0.000000 0.385887 0.000000 -0.922546 1.000000 1.000000 1.000000
8505.097656 0.000000 3449.244873 0.000000 0.177443 0.000000 -0.984131 1.000000 1.000000 1.000000
8405.702148 0.000000 3483.552002 0.000000 0.191074 0.000000 -0.981576 1.000000 1.000000 1.000000
8446.672852 0.000000 3521.678955 0.000000 0.826968 0.000000 -0.562248 1.000000 1.000000 1.000000
8495.312500 0.000000 3501.684326 0.000000 0.171119 0.000000 -0.985250 1.000000 1.000000 1.000000
"}
