object={
	name="tree_leaf_large_high_generator_2_0"
	render_pass=Map
	clamp_to_water_level=no
	generated_content=yes
	layer="tree_high_layer"
	pdxmesh="tree_leaf_01_b_mesh"
	count=35
	transform="3019.005615 0.000000 2149.292480 0.000000 0.893610 0.000000 0.448845 0.796281 0.796281 0.796281
3015.799561 0.000000 2145.667725 0.000000 0.834338 0.000000 0.551253 0.783674 0.783674 0.783674
3035.201660 0.000000 2143.734619 0.000000 0.899465 0.000000 0.436992 0.788709 0.788709 0.788709
3016.780273 0.000000 2128.682373 0.000000 0.482103 0.000000 -0.876115 0.860777 0.860777 0.860777
3010.597412 0.000000 2137.902344 0.000000 0.239675 0.000000 0.970853 0.728346 0.728346 0.728346
3013.079102 0.000000 2139.589355 0.000000 0.965372 0.000000 -0.260878 0.821613 0.821613 0.821613
3032.462646 0.000000 2145.155518 0.000000 0.968494 0.000000 -0.249037 0.816840 0.816840 0.816840
3033.143555 0.000000 2141.953369 0.000000 0.228642 0.000000 0.973511 0.698292 0.698292 0.698292
3029.677734 0.000000 2145.217285 0.000000 0.884276 0.000000 0.466964 0.718004 0.718004 0.718004
3025.822266 0.000000 2147.686035 0.000000 0.940883 0.000000 -0.338731 0.833474 0.833474 0.833474
3025.002197 0.000000 2145.749023 0.000000 0.999773 0.000000 0.021308 0.796936 0.796936 0.796936
2868.329834 0.000000 2221.788086 0.000000 0.014467 0.000000 -0.999895 0.821759 0.821759 0.821759
2856.815186 0.000000 2205.623535 0.000000 0.997266 0.000000 0.073894 0.798006 0.798006 0.798006
2848.742676 0.000000 2207.728027 0.000000 0.009684 0.000000 0.999953 0.740760 0.740760 0.740760
2865.355957 0.000000 2203.852295 0.000000 0.584625 0.000000 -0.811304 0.846309 0.846309 0.846309
2869.291016 0.000000 2214.721436 0.000000 0.912253 0.000000 -0.409628 0.823180 0.823180 0.823180
2848.248047 0.000000 2199.349365 0.000000 0.683100 0.000000 -0.730325 0.847425 0.847425 0.847425
2867.856934 0.000000 2203.166016 0.000000 0.558024 0.000000 0.829825 0.720827 0.720827 0.720827
2892.254639 0.000000 2269.086914 0.000000 0.965726 0.000000 0.259565 0.792134 0.792134 0.792134
2927.280273 0.000000 2294.989502 0.000000 0.803841 0.000000 -0.594844 0.825448 0.825448 0.825448
2891.045166 0.000000 2258.248535 0.000000 0.052516 0.000000 0.998620 0.686288 0.686288 0.686288
2960.013428 0.000000 2237.610107 0.000000 0.711320 0.000000 0.702869 0.785990 0.785990 0.785990
3001.998535 0.000000 2198.409424 0.000000 0.982074 0.000000 0.188495 0.792615 0.792615 0.792615
2994.103027 0.000000 2199.018555 0.000000 0.129541 0.000000 0.991574 0.682010 0.682010 0.682010
2947.898193 0.000000 2286.814209 0.000000 0.319015 0.000000 0.947750 0.762668 0.762668 0.762668
2149.076172 0.000000 2620.804688 0.000000 0.210769 0.000000 0.977536 0.698258 0.698258 0.698258
2134.864258 0.000000 2616.450195 0.000000 0.489612 0.000000 0.871941 0.723846 0.723846 0.723846
5798.727539 0.000000 484.447479 0.000000 0.095671 0.000000 0.995413 0.710151 0.710151 0.710151
5806.490723 0.000000 481.007812 0.000000 0.140698 0.000000 -0.990053 1.055550 1.055550 1.055550
5810.394043 0.000000 478.430145 0.000000 0.561562 0.000000 -0.827435 0.892452 0.892452 0.892452
5452.934570 0.000000 660.627258 0.000000 0.092747 0.000000 -0.995690 0.833945 0.833945 0.833945
5472.641113 0.000000 651.922852 0.000000 0.900348 0.000000 0.435170 0.738404 0.738404 0.738404
5687.137207 0.000000 525.566772 0.000000 0.642748 0.000000 0.766077 0.729408 0.729408 0.729408
5734.179199 0.000000 520.735291 0.000000 0.209322 0.000000 0.977847 0.736172 0.736172 0.736172
5737.899414 0.000000 522.533813 0.000000 0.007839 0.000000 -0.999969 1.041924 1.041924 1.041924
"}
