object={
	name="tree_muckspunge_generator_1_0"
	render_pass=Map
	clamp_to_water_level=no
	generated_content=yes
	layer="tree_high_layer"
	pdxmesh="tree_muckspunge_01_a_mesh"
	count=15
	transform="2129.118896 0.000000 2616.691162 0.000000 0.828011 0.000000 0.560712 0.985139 0.985139 0.985139
2130.345459 0.000000 2618.770996 0.000000 0.112016 0.000000 0.993706 1.000000 1.000000 1.000000
2142.525146 0.000000 2617.428467 0.000000 0.071256 0.000000 0.997458 0.554521 0.554521 0.554521
2142.321289 0.000000 2616.203857 0.000000 0.364459 0.000000 0.931219 0.644163 0.644163 0.644163
5664.473145 0.000000 440.348999 0.000000 0.394337 0.000000 0.918966 0.962175 0.962175 0.962175
5677.450684 0.000000 478.177002 0.000000 0.239010 0.000000 0.971017 1.000000 1.000000 1.000000
5680.741699 0.000000 492.396179 0.000000 0.229964 0.000000 0.973199 0.939839 0.939839 0.939839
5688.839844 0.000000 454.216705 0.000000 0.337574 0.000000 0.941299 0.969381 0.969381 0.969381
5661.769531 0.000000 454.592316 0.000000 0.336442 0.000000 0.941704 0.831430 0.831430 0.831430
5689.757812 0.000000 455.889160 0.000000 0.680312 0.000000 0.732922 0.979463 0.979463 0.979463
5663.291016 0.000000 487.797028 0.000000 0.823847 0.000000 0.566813 0.995486 0.995486 0.995486
5682.131836 0.000000 492.753143 0.000000 0.810799 0.000000 0.585325 0.804870 0.804870 0.804870
5682.998047 0.000000 493.800995 0.000000 0.356743 0.000000 0.934203 0.623640 0.623640 0.623640
5662.266113 0.000000 489.779388 0.000000 0.415064 0.000000 0.909792 0.580607 0.580607 0.580607
5623.102539 0.000000 729.549622 0.000000 0.066845 0.000000 0.997763 0.812272 0.812272 0.812272
"}
object={
	name="tree_muckspunge_generator_1_1"
	render_pass=Map
	clamp_to_water_level=no
	generated_content=yes
	layer="tree_high_layer"
	pdxmesh="tree_muckspunge_01_b_mesh"
	count=7
	transform="2150.369141 0.000000 2621.848145 0.000000 0.932010 0.000000 0.362433 0.945371 0.945371 0.945371
2150.378906 0.000000 2620.403076 0.000000 0.963981 0.000000 0.265971 0.960346 0.960346 0.960346
2151.172363 0.000000 2623.413330 0.000000 0.996654 0.000000 -0.081732 1.023083 1.023083 1.023083
5662.095703 0.000000 441.959625 0.000000 0.981763 0.000000 -0.190111 1.005730 1.005730 1.005730
5657.738770 0.000000 420.935547 0.000000 0.912027 0.000000 0.410130 0.805874 0.805874 0.805874
5678.506348 0.000000 481.007812 0.000000 0.901583 0.000000 0.432607 0.931868 0.931868 0.931868
5619.772461 0.000000 728.930664 0.000000 0.975568 0.000000 -0.219696 1.000000 1.000000 1.000000
"}
object={
	name="tree_muckspunge_generator_1_2"
	render_pass=Map
	clamp_to_water_level=no
	generated_content=yes
	layer="tree_high_layer"
	pdxmesh="tree_muckspunge_01_c_mesh"
	count=14
	transform="2139.087646 0.000000 2620.272217 0.000000 0.893465 0.000000 -0.449132 1.001163 1.001163 1.001163
2144.279053 0.000000 2619.460205 0.000000 0.796850 0.000000 -0.604178 1.119850 1.119850 1.119850
2151.671387 0.000000 2622.738525 0.000000 0.950170 0.000000 -0.311731 1.089433 1.089433 1.089433
2143.833252 0.000000 2616.777588 0.000000 0.901810 0.000000 -0.432133 1.132756 1.132756 1.132756
2145.524658 0.000000 2616.752930 0.000000 0.942436 0.000000 -0.334386 1.069799 1.069799 1.069799
5656.720215 0.000000 420.636932 0.000000 0.929039 0.000000 -0.369983 1.174095 1.174095 1.174095
5664.452637 0.000000 442.312164 0.000000 0.680013 0.000000 -0.733200 1.041094 1.041094 1.041094
5657.005371 0.000000 421.525269 0.000000 0.631955 0.000000 -0.775005 1.407329 1.407329 1.407329
5656.065918 0.000000 421.207153 0.000000 0.557969 0.000000 -0.829862 1.449654 1.449654 1.449654
5662.814453 0.000000 456.482788 0.000000 0.524646 0.000000 -0.851321 1.000000 1.000000 1.000000
5683.465820 0.000000 492.787048 0.000000 0.897337 0.000000 -0.441346 1.142646 1.142646 1.142646
5679.849121 0.000000 480.109070 0.000000 0.890156 0.000000 -0.455655 1.072049 1.072049 1.072049
5624.533203 0.000000 729.092957 0.000000 0.853681 0.000000 -0.520796 1.000000 1.000000 1.000000
5625.163574 0.000000 725.288147 0.000000 0.876901 0.000000 -0.480672 1.040058 1.040058 1.040058
"}
object={
	name="tree_muckspunge_generator_1_3"
	render_pass=Map
	clamp_to_water_level=no
	generated_content=yes
	layer="tree_high_layer"
	pdxmesh="tree_muckspunge_01_d_mesh"
	count=5
	transform="2143.057129 0.000000 2615.308838 0.000000 0.109000 0.000000 -0.994042 1.000000 1.000000 1.000000
2127.958252 0.000000 2619.003662 0.000000 0.053426 0.000000 -0.998572 1.000000 1.000000 1.000000
5663.849609 0.000000 443.991425 0.000000 0.148536 0.000000 -0.988907 1.070987 1.070987 1.070987
5665.668945 0.000000 443.327026 0.000000 0.452035 0.000000 -0.892000 1.055012 1.055012 1.055012
5687.820312 0.000000 456.083954 0.000000 0.348353 0.000000 -0.937363 1.000000 1.000000 1.000000
"}
