object={
	name="tree_sakura_01_generator_0"
	render_pass=Map
	clamp_to_water_level=no
	generated_content=yes
	layer="tree_high_layer"
	pdxmesh="tree_sakura_01_mesh"
	count=323
	transform="7936.506348 0.000000 2591.334961 0.000000 0.731439 0.000000 0.681907 1.000000 1.000000 1.000000
7932.896973 0.000000 2588.478027 0.000000 0.436197 0.000000 0.899851 1.000000 1.000000 1.000000
7933.155273 0.000000 2586.435791 0.000000 0.999593 0.000000 -0.028543 1.000000 1.000000 1.000000
7916.652832 0.000000 2681.946533 0.000000 0.330297 0.000000 0.943877 1.000000 1.000000 1.000000
7909.719238 0.000000 2693.976562 0.000000 0.660660 0.000000 -0.750685 1.000000 1.000000 1.000000
7897.059082 0.000000 2700.629395 0.000000 0.832635 0.000000 0.553822 1.000000 1.000000 1.000000
7909.283203 0.000000 2690.176758 0.000000 0.930101 0.000000 0.367303 1.000000 1.000000 1.000000
7904.140137 0.000000 2702.598633 0.000000 0.725339 0.000000 -0.688392 1.000000 1.000000 1.000000
7918.957520 0.000000 2680.703125 0.000000 0.618744 0.000000 0.785593 1.000000 1.000000 1.000000
7900.370605 0.000000 2705.736816 0.000000 0.253442 0.000000 -0.967350 1.000000 1.000000 1.000000
7902.976074 0.000000 2705.654053 0.000000 0.474659 0.000000 0.880170 1.000000 1.000000 1.000000
7908.304688 0.000000 2692.196289 0.000000 0.391165 0.000000 -0.920320 1.000000 1.000000 1.000000
7909.575684 0.000000 2706.343262 0.000000 0.988317 0.000000 0.152415 1.000000 1.000000 1.000000
7913.830566 0.000000 2690.986084 0.000000 0.485927 0.000000 0.873999 1.000000 1.000000 1.000000
7912.273438 0.000000 2706.873291 0.000000 0.306832 0.000000 0.951764 1.000000 1.000000 1.000000
7903.666016 0.000000 2704.194824 0.000000 0.148391 0.000000 -0.988929 1.000000 1.000000 1.000000
7898.740723 0.000000 2701.183838 0.000000 0.348518 0.000000 -0.937302 1.000000 1.000000 1.000000
7948.604004 0.000000 2622.757812 0.000000 0.768447 0.000000 -0.639913 1.000000 1.000000 1.000000
7956.363281 0.000000 2627.730469 0.000000 0.084125 0.000000 -0.996455 1.000000 1.000000 1.000000
7946.724609 0.000000 2619.916748 0.000000 0.687652 0.000000 -0.726040 1.000000 1.000000 1.000000
7937.691895 0.000000 2593.237305 0.000000 0.996172 0.000000 0.087409 1.000000 1.000000 1.000000
7936.811523 0.000000 2591.553223 0.000000 0.784107 0.000000 -0.620626 1.000000 1.000000 1.000000
7947.656250 0.000000 2618.354248 0.000000 0.146983 0.000000 -0.989139 1.000000 1.000000 1.000000
7950.337402 0.000000 2687.519287 0.000000 0.421898 0.000000 -0.906643 1.000000 1.000000 1.000000
7953.809082 0.000000 2663.503906 0.000000 0.079507 0.000000 -0.996834 1.000000 1.000000 1.000000
7931.698730 0.000000 2671.745605 0.000000 0.891499 0.000000 -0.453023 1.000000 1.000000 1.000000
8041.264648 0.000000 2732.341797 0.000000 0.998833 0.000000 0.048294 1.000000 1.000000 1.000000
8040.155762 0.000000 2733.219482 0.000000 0.332884 0.000000 0.942968 1.000000 1.000000 1.000000
8047.111816 0.000000 2750.573975 0.000000 0.956736 0.000000 0.290958 1.000000 1.000000 1.000000
8050.627930 0.000000 2743.623047 0.000000 0.757515 0.000000 -0.652818 1.000000 1.000000 1.000000
8054.704102 0.000000 2744.623779 0.000000 0.592350 0.000000 -0.805680 1.000000 1.000000 1.000000
8048.518066 0.000000 2746.850342 0.000000 0.945081 0.000000 -0.326836 1.000000 1.000000 1.000000
8050.313477 0.000000 2750.345947 0.000000 0.923676 0.000000 -0.383173 1.000000 1.000000 1.000000
8055.851562 0.000000 2742.523193 0.000000 0.496936 0.000000 0.867787 1.000000 1.000000 1.000000
8052.861328 0.000000 2743.353760 0.000000 0.851970 0.000000 -0.523590 1.000000 1.000000 1.000000
8048.872070 0.000000 2751.960938 0.000000 0.109138 0.000000 0.994027 1.000000 1.000000 1.000000
8025.944824 0.000000 2738.571777 0.000000 0.109641 0.000000 -0.993971 1.000000 1.000000 1.000000
8049.779297 0.000000 2745.382812 0.000000 0.309151 0.000000 0.951013 1.000000 1.000000 1.000000
8035.977051 0.000000 2737.316895 0.000000 0.669929 0.000000 -0.742425 1.000000 1.000000 1.000000
8050.471191 0.000000 2752.498047 0.000000 0.161955 0.000000 -0.986798 1.000000 1.000000 1.000000
8051.222656 0.000000 2748.883057 0.000000 0.998627 0.000000 -0.052394 1.000000 1.000000 1.000000
7988.907227 0.000000 2818.942139 0.000000 0.590001 0.000000 0.807403 1.000000 1.000000 1.000000
7990.499023 0.000000 2818.190674 0.000000 0.174351 0.000000 0.984684 1.000000 1.000000 1.000000
8036.051758 0.000000 2836.173340 0.000000 0.795080 0.000000 0.606504 1.000000 1.000000 1.000000
7993.739258 0.000000 2818.035889 0.000000 0.999777 0.000000 -0.021120 1.000000 1.000000 1.000000
8031.648926 0.000000 2849.175293 0.000000 0.336232 0.000000 0.941779 1.000000 1.000000 1.000000
8035.492676 0.000000 2848.518311 0.000000 0.796466 0.000000 0.604683 1.000000 1.000000 1.000000
8029.437012 0.000000 2846.787842 0.000000 0.331978 0.000000 -0.943287 1.000000 1.000000 1.000000
8036.668457 0.000000 2832.908203 0.000000 0.901332 0.000000 -0.433129 1.000000 1.000000 1.000000
8057.083008 0.000000 2846.984619 0.000000 0.237669 0.000000 -0.971346 1.000000 1.000000 1.000000
8032.152832 0.000000 2852.106689 0.000000 0.525881 0.000000 0.850558 1.000000 1.000000 1.000000
7993.400879 0.000000 2820.412109 0.000000 0.846759 0.000000 -0.531976 1.000000 1.000000 1.000000
8031.478516 0.000000 2846.620605 0.000000 0.101502 0.000000 0.994835 1.000000 1.000000 1.000000
8037.394043 0.000000 2834.746826 0.000000 0.972644 0.000000 -0.232301 1.000000 1.000000 1.000000
7991.689453 0.000000 2819.583496 0.000000 0.838453 0.000000 0.544973 1.000000 1.000000 1.000000
8092.588379 0.000000 2766.726562 0.000000 0.937553 0.000000 -0.347843 1.000000 1.000000 1.000000
8092.660156 0.000000 2787.591309 0.000000 0.661040 0.000000 0.750351 1.000000 1.000000 1.000000
8085.370605 0.000000 2789.787842 0.000000 0.943712 0.000000 -0.330769 1.000000 1.000000 1.000000
8101.384277 0.000000 2768.220215 0.000000 0.596583 0.000000 -0.802551 1.000000 1.000000 1.000000
8095.421387 0.000000 2764.995850 0.000000 0.337543 0.000000 0.941310 1.000000 1.000000 1.000000
8111.395508 0.000000 2763.101318 0.000000 0.743595 0.000000 -0.668630 1.000000 1.000000 1.000000
8074.957031 0.000000 2766.723633 0.000000 0.986010 0.000000 -0.166683 1.000000 1.000000 1.000000
8069.795410 0.000000 2769.986816 0.000000 0.997045 0.000000 0.076814 1.000000 1.000000 1.000000
8091.196289 0.000000 2790.187012 0.000000 0.456430 0.000000 -0.889759 1.000000 1.000000 1.000000
8099.384277 0.000000 2769.551514 0.000000 0.367636 0.000000 0.929970 1.000000 1.000000 1.000000
8090.900879 0.000000 2788.264160 0.000000 0.883071 0.000000 -0.469239 1.000000 1.000000 1.000000
8099.832031 0.000000 2767.191650 0.000000 0.931545 0.000000 -0.363625 1.000000 1.000000 1.000000
8084.691406 0.000000 2788.258057 0.000000 0.637625 0.000000 0.770347 1.000000 1.000000 1.000000
8098.486328 0.000000 2768.450928 0.000000 0.844405 0.000000 0.535706 1.000000 1.000000 1.000000
8198.837891 0.000000 2794.306396 0.000000 0.999856 0.000000 0.016988 1.000000 1.000000 1.000000
8186.466797 0.000000 2794.420166 0.000000 0.352087 0.000000 0.935967 1.000000 1.000000 1.000000
8192.690430 0.000000 2796.794189 0.000000 0.737977 0.000000 -0.674826 1.000000 1.000000 1.000000
8205.055664 0.000000 2792.879883 0.000000 0.380247 0.000000 0.924885 1.000000 1.000000 1.000000
8203.621094 0.000000 2789.771973 0.000000 0.879735 0.000000 0.475464 1.000000 1.000000 1.000000
8202.309570 0.000000 2787.371582 0.000000 0.497896 0.000000 -0.867237 1.000000 1.000000 1.000000
8206.113281 0.000000 2795.967529 0.000000 0.723024 0.000000 -0.690823 1.000000 1.000000 1.000000
8190.622070 0.000000 2796.449707 0.000000 0.600366 0.000000 0.799726 1.000000 1.000000 1.000000
8201.410156 0.000000 2790.519043 0.000000 0.835383 0.000000 -0.549669 1.000000 1.000000 1.000000
8190.177246 0.000000 2791.483154 0.000000 0.580092 0.000000 0.814551 1.000000 1.000000 1.000000
8204.744141 0.000000 2794.459717 0.000000 0.727814 0.000000 0.685774 1.000000 1.000000 1.000000
8190.838867 0.000000 2790.112549 0.000000 0.678716 0.000000 -0.734401 1.000000 1.000000 1.000000
8188.232422 0.000000 2790.654297 0.000000 0.035668 0.000000 -0.999364 1.000000 1.000000 1.000000
8097.680664 0.000000 2847.676758 0.000000 0.890615 0.000000 0.454757 1.000000 1.000000 1.000000
8087.948242 0.000000 2857.592773 0.000000 0.345319 0.000000 -0.938485 1.000000 1.000000 1.000000
8095.377441 0.000000 2866.353027 0.000000 0.835698 0.000000 0.549189 1.000000 1.000000 1.000000
8087.617188 0.000000 2868.531738 0.000000 0.997584 0.000000 0.069465 1.000000 1.000000 1.000000
8090.558594 0.000000 2855.777588 0.000000 0.164266 0.000000 0.986416 1.000000 1.000000 1.000000
8094.934570 0.000000 2869.290039 0.000000 0.232594 0.000000 -0.972574 1.000000 1.000000 1.000000
8124.540039 0.000000 2854.371826 0.000000 0.608770 0.000000 -0.793347 1.000000 1.000000 1.000000
8090.449219 0.000000 2858.450684 0.000000 0.955949 0.000000 -0.293534 1.000000 1.000000 1.000000
8088.878906 0.000000 2866.407471 0.000000 0.860926 0.000000 -0.508731 1.000000 1.000000 1.000000
8092.477051 0.000000 2857.103516 0.000000 0.456489 0.000000 0.889729 1.000000 1.000000 1.000000
8095.346191 0.000000 2861.745605 0.000000 0.340534 0.000000 0.940232 1.000000 1.000000 1.000000
8099.161621 0.000000 2852.187988 0.000000 0.892257 0.000000 -0.451527 1.000000 1.000000 1.000000
8097.122559 0.000000 2849.777100 0.000000 0.808379 0.000000 -0.588663 1.000000 1.000000 1.000000
8094.212402 0.000000 2871.190674 0.000000 0.902688 0.000000 0.430295 1.000000 1.000000 1.000000
8088.922852 0.000000 2869.735596 0.000000 0.066535 0.000000 0.997784 1.000000 1.000000 1.000000
8097.900879 0.000000 2853.400391 0.000000 0.999842 0.000000 -0.017763 1.000000 1.000000 1.000000
8097.017578 0.000000 2866.428955 0.000000 0.634625 0.000000 0.772820 1.000000 1.000000 1.000000
8089.487305 0.000000 2857.040283 0.000000 0.716690 0.000000 -0.697392 1.000000 1.000000 1.000000
8088.039062 0.000000 2856.134033 0.000000 0.600579 0.000000 -0.799566 1.000000 1.000000 1.000000
8096.158203 0.000000 2867.166992 0.000000 0.930581 0.000000 0.366087 1.000000 1.000000 1.000000
8097.630859 0.000000 2867.467285 0.000000 0.109604 0.000000 0.993975 1.000000 1.000000 1.000000
8200.830078 0.000000 2822.607178 0.000000 0.498225 0.000000 0.867048 1.000000 1.000000 1.000000
8204.226562 0.000000 2830.818115 0.000000 0.616130 0.000000 -0.787645 1.000000 1.000000 1.000000
8200.056641 0.000000 2840.211914 0.000000 0.811155 0.000000 0.584831 1.000000 1.000000 1.000000
8205.859375 0.000000 2828.307617 0.000000 0.919397 0.000000 -0.393331 1.000000 1.000000 1.000000
8201.930664 0.000000 2825.096924 0.000000 0.794683 0.000000 -0.607025 1.000000 1.000000 1.000000
8201.457031 0.000000 2841.491211 0.000000 0.764345 0.000000 -0.644807 1.000000 1.000000 1.000000
8207.672852 0.000000 2792.914062 0.000000 0.711949 0.000000 -0.702231 1.000000 1.000000 1.000000
8209.320312 0.000000 2790.417725 0.000000 0.999924 0.000000 0.012348 1.000000 1.000000 1.000000
8222.407227 0.000000 2830.772949 0.000000 0.698054 0.000000 -0.716045 1.000000 1.000000 1.000000
8225.793945 0.000000 2833.289307 0.000000 0.723630 0.000000 0.690188 1.000000 1.000000 1.000000
8234.693359 0.000000 2835.869873 0.000000 0.788810 0.000000 0.614637 1.000000 1.000000 1.000000
8238.305664 0.000000 2831.488037 0.000000 0.414853 0.000000 0.909888 1.000000 1.000000 1.000000
8237.428711 0.000000 2834.669434 0.000000 0.473163 0.000000 -0.880975 1.000000 1.000000 1.000000
8230.948242 0.000000 2840.468018 0.000000 0.495857 0.000000 -0.868404 1.000000 1.000000 1.000000
8236.043945 0.000000 2830.160400 0.000000 0.891665 0.000000 -0.452695 1.000000 1.000000 1.000000
8223.639648 0.000000 2832.808594 0.000000 0.202090 0.000000 -0.979367 1.000000 1.000000 1.000000
8235.625000 0.000000 2834.307373 0.000000 0.473561 0.000000 -0.880761 1.000000 1.000000 1.000000
8258.735352 0.000000 2928.089600 0.000000 0.670502 0.000000 -0.741907 1.000000 1.000000 1.000000
8269.859375 0.000000 2919.079102 0.000000 0.744442 0.000000 -0.667687 1.000000 1.000000 1.000000
8270.002930 0.000000 2884.498779 0.000000 0.008774 0.000000 -0.999961 1.000000 1.000000 1.000000
8264.495117 0.000000 2890.819092 0.000000 0.924449 0.000000 -0.381306 1.000000 1.000000 1.000000
8258.939453 0.000000 2925.374268 0.000000 0.915085 0.000000 0.403260 1.000000 1.000000 1.000000
8273.922852 0.000000 2897.081299 0.000000 0.999352 0.000000 -0.036000 1.000000 1.000000 1.000000
8272.835938 0.000000 2884.209473 0.000000 0.949853 0.000000 -0.312695 1.000000 1.000000 1.000000
8271.126953 0.000000 2892.470703 0.000000 0.261058 0.000000 0.965323 1.000000 1.000000 1.000000
8272.856445 0.000000 2888.454590 0.000000 0.796749 0.000000 -0.604310 1.000000 1.000000 1.000000
8265.755859 0.000000 2889.351562 0.000000 0.202245 0.000000 -0.979335 1.000000 1.000000 1.000000
8267.199219 0.000000 2892.851807 0.000000 0.583678 0.000000 0.811985 1.000000 1.000000 1.000000
8271.476562 0.000000 2919.581787 0.000000 0.996282 0.000000 0.086154 1.000000 1.000000 1.000000
8259.662109 0.000000 2923.920898 0.000000 0.664370 0.000000 -0.747404 1.000000 1.000000 1.000000
8271.305664 0.000000 2894.072998 0.000000 0.298780 0.000000 0.954322 1.000000 1.000000 1.000000
8258.701172 0.000000 2917.136963 0.000000 0.417516 0.000000 0.908669 1.000000 1.000000 1.000000
8268.600586 0.000000 2893.619873 0.000000 0.918796 0.000000 -0.394733 1.000000 1.000000 1.000000
8270.977539 0.000000 2898.858154 0.000000 0.799332 0.000000 -0.600890 1.000000 1.000000 1.000000
8270.966797 0.000000 2895.815430 0.000000 0.493505 0.000000 0.869743 1.000000 1.000000 1.000000
8269.781250 0.000000 2892.819092 0.000000 0.998684 0.000000 0.051285 1.000000 1.000000 1.000000
8258.670898 0.000000 2926.746582 0.000000 0.809079 0.000000 -0.587699 1.000000 1.000000 1.000000
8266.017578 0.000000 2893.057617 0.000000 0.511487 0.000000 0.859291 1.000000 1.000000 1.000000
8309.442383 0.000000 2926.407471 0.000000 0.011714 0.000000 -0.999931 1.000000 1.000000 1.000000
8339.978516 0.000000 2897.128906 0.000000 0.699581 0.000000 -0.714553 1.000000 1.000000 1.000000
8340.634766 0.000000 2892.047119 0.000000 0.782894 0.000000 0.622155 1.000000 1.000000 1.000000
8326.006836 0.000000 2941.881836 0.000000 0.659459 0.000000 -0.751740 1.000000 1.000000 1.000000
8343.811523 0.000000 2949.503174 0.000000 0.861520 0.000000 0.507723 1.000000 1.000000 1.000000
8306.535156 0.000000 2927.761963 0.000000 0.757732 0.000000 0.652566 1.000000 1.000000 1.000000
8349.405273 0.000000 2909.814453 0.000000 0.381128 0.000000 0.924522 1.000000 1.000000 1.000000
8345.324219 0.000000 2902.262695 0.000000 0.737497 0.000000 -0.675350 1.000000 1.000000 1.000000
8341.904297 0.000000 2894.778564 0.000000 0.327349 0.000000 0.944903 1.000000 1.000000 1.000000
8342.090820 0.000000 2947.215576 0.000000 0.999655 0.000000 -0.026268 1.000000 1.000000 1.000000
8325.231445 0.000000 2939.353516 0.000000 0.071817 0.000000 -0.997418 1.000000 1.000000 1.000000
8350.074219 0.000000 2934.508789 0.000000 0.083970 0.000000 -0.996468 1.000000 1.000000 1.000000
8340.060547 0.000000 2895.085938 0.000000 0.533702 0.000000 0.845672 1.000000 1.000000 1.000000
8345.921875 0.000000 2948.802490 0.000000 0.814350 0.000000 0.580374 1.000000 1.000000 1.000000
8321.207031 0.000000 2957.822021 0.000000 0.294127 0.000000 0.955766 1.000000 1.000000 1.000000
8322.834961 0.000000 2961.327881 0.000000 0.590887 0.000000 0.806754 1.000000 1.000000 1.000000
8334.291016 0.000000 2957.830811 0.000000 0.529869 0.000000 -0.848080 1.000000 1.000000 1.000000
8318.699219 0.000000 2960.232178 0.000000 0.986085 0.000000 -0.166242 1.000000 1.000000 1.000000
8327.692383 0.000000 2956.883545 0.000000 0.669251 0.000000 0.743036 1.000000 1.000000 1.000000
8334.482422 0.000000 2954.291504 0.000000 0.942940 0.000000 0.332962 1.000000 1.000000 1.000000
8320.903320 0.000000 2959.882812 0.000000 0.378942 0.000000 -0.925420 1.000000 1.000000 1.000000
8326.490234 0.000000 2958.498779 0.000000 0.723429 0.000000 -0.690399 1.000000 1.000000 1.000000
8319.908203 0.000000 2960.718262 0.000000 0.075465 0.000000 0.997148 1.000000 1.000000 1.000000
8407.750977 0.000000 2947.318359 0.000000 0.975106 0.000000 0.221739 1.000000 1.000000 1.000000
8408.303711 0.000000 2951.348877 0.000000 0.781939 0.000000 -0.623356 1.000000 1.000000 1.000000
8399.416016 0.000000 2943.916748 0.000000 0.609367 0.000000 -0.792889 1.000000 1.000000 1.000000
8409.375000 0.000000 2949.164062 0.000000 0.708601 0.000000 0.705609 1.000000 1.000000 1.000000
8405.355469 0.000000 2943.596680 0.000000 0.999983 0.000000 0.005903 1.000000 1.000000 1.000000
8404.140625 0.000000 2942.967041 0.000000 0.979430 0.000000 -0.201785 1.000000 1.000000 1.000000
8409.252930 0.000000 2992.799316 0.000000 0.996452 0.000000 -0.084160 1.000000 1.000000 1.000000
8388.969727 0.000000 2997.337891 0.000000 0.805746 0.000000 -0.592261 1.000000 1.000000 1.000000
8416.685547 0.000000 2987.348145 0.000000 0.844635 0.000000 -0.535343 1.000000 1.000000 1.000000
8405.290039 0.000000 2995.740479 0.000000 0.998983 0.000000 0.045089 1.000000 1.000000 1.000000
8400.266602 0.000000 2972.371826 0.000000 0.354299 0.000000 0.935132 1.000000 1.000000 1.000000
8409.527344 0.000000 2951.850586 0.000000 0.909724 0.000000 -0.415214 1.000000 1.000000 1.000000
8418.367188 0.000000 3022.422363 0.000000 0.402309 0.000000 -0.915504 1.000000 1.000000 1.000000
8384.298828 0.000000 2998.523682 0.000000 0.940766 0.000000 0.339058 1.000000 1.000000 1.000000
8407.510742 0.000000 2960.280762 0.000000 0.999784 0.000000 0.020790 1.000000 1.000000 1.000000
8399.684570 0.000000 2956.883545 0.000000 0.497816 0.000000 -0.867282 1.000000 1.000000 1.000000
8415.428711 0.000000 2989.323975 0.000000 0.787065 0.000000 0.616870 1.000000 1.000000 1.000000
8403.640625 0.000000 2990.792236 0.000000 0.571358 0.000000 -0.820701 1.000000 1.000000 1.000000
8411.172852 0.000000 2952.864502 0.000000 0.802982 0.000000 -0.596003 1.000000 1.000000 1.000000
8418.832031 0.000000 2990.642578 0.000000 0.794115 0.000000 0.607768 1.000000 1.000000 1.000000
8420.595703 0.000000 2990.331787 0.000000 0.900095 0.000000 -0.435693 1.000000 1.000000 1.000000
8419.387695 0.000000 2993.595703 0.000000 0.679521 0.000000 -0.733656 1.000000 1.000000 1.000000
8421.746094 0.000000 2991.338623 0.000000 0.845598 0.000000 -0.533820 1.000000 1.000000 1.000000
8388.564453 0.000000 2995.560303 0.000000 0.855977 0.000000 0.517014 1.000000 1.000000 1.000000
8416.892578 0.000000 2989.563965 0.000000 0.592708 0.000000 0.805417 1.000000 1.000000 1.000000
8406.773438 0.000000 2990.866455 0.000000 0.829216 0.000000 0.558928 1.000000 1.000000 1.000000
8418.783203 0.000000 2991.914795 0.000000 0.766203 0.000000 -0.642598 1.000000 1.000000 1.000000
8416.060547 0.000000 2990.321045 0.000000 0.882100 0.000000 0.471061 1.000000 1.000000 1.000000
8417.812500 0.000000 2990.162842 0.000000 0.596765 0.000000 0.802416 1.000000 1.000000 1.000000
8417.517578 0.000000 2991.873291 0.000000 0.848831 0.000000 0.528664 1.000000 1.000000 1.000000
8436.341797 0.000000 2988.673828 0.000000 0.992279 0.000000 0.124028 1.000000 1.000000 1.000000
8468.837891 0.000000 2957.310547 0.000000 0.999372 0.000000 -0.035422 1.000000 1.000000 1.000000
8432.101562 0.000000 2993.090576 0.000000 0.449279 0.000000 0.893391 1.000000 1.000000 1.000000
8435.906250 0.000000 2972.505127 0.000000 0.231081 0.000000 -0.972935 1.000000 1.000000 1.000000
8429.548828 0.000000 2991.163818 0.000000 0.436754 0.000000 -0.899581 1.000000 1.000000 1.000000
8434.780273 0.000000 2991.257568 0.000000 0.910648 0.000000 0.413183 1.000000 1.000000 1.000000
8468.832031 0.000000 2959.920410 0.000000 0.844613 0.000000 0.535378 1.000000 1.000000 1.000000
8434.198242 0.000000 2988.859375 0.000000 0.569700 0.000000 -0.821853 1.000000 1.000000 1.000000
8433.821289 0.000000 2994.347900 0.000000 0.774553 0.000000 0.632509 1.000000 1.000000 1.000000
8435.571289 0.000000 2970.540771 0.000000 0.835764 0.000000 -0.549089 1.000000 1.000000 1.000000
8431.178711 0.000000 2982.595703 0.000000 0.820851 0.000000 -0.571142 1.000000 1.000000 1.000000
8470.474609 0.000000 2958.498779 0.000000 0.941583 0.000000 -0.336780 1.000000 1.000000 1.000000
8433.766602 0.000000 2975.952148 0.000000 0.950420 0.000000 -0.310970 1.000000 1.000000 1.000000
8433.997070 0.000000 2972.598389 0.000000 0.999328 0.000000 -0.036641 1.000000 1.000000 1.000000
8433.009766 0.000000 2982.378906 0.000000 0.935994 0.000000 -0.352015 1.000000 1.000000 1.000000
8451.051758 0.000000 3001.056396 0.000000 0.504762 0.000000 -0.863259 1.000000 1.000000 1.000000
8432.838867 0.000000 2975.329590 0.000000 0.187243 0.000000 0.982314 1.000000 1.000000 1.000000
8409.448242 0.000000 3070.264893 0.000000 0.264563 0.000000 -0.964368 1.000000 1.000000 1.000000
8408.303711 0.000000 3095.317627 0.000000 0.769952 0.000000 -0.638102 1.000000 1.000000 1.000000
8390.189453 0.000000 3072.877686 0.000000 0.792986 0.000000 -0.609240 1.000000 1.000000 1.000000
8417.964844 0.000000 3066.793457 0.000000 0.976243 0.000000 -0.216680 1.000000 1.000000 1.000000
8412.508789 0.000000 3070.324951 0.000000 0.206378 0.000000 0.978472 1.000000 1.000000 1.000000
8414.576172 0.000000 3069.898193 0.000000 0.768813 0.000000 0.639473 1.000000 1.000000 1.000000
8417.844727 0.000000 3068.768555 0.000000 0.754327 0.000000 -0.656499 1.000000 1.000000 1.000000
8419.776367 0.000000 3067.281738 0.000000 0.892314 0.000000 0.451416 1.000000 1.000000 1.000000
8406.407227 0.000000 3076.112549 0.000000 0.717550 0.000000 0.696507 1.000000 1.000000 1.000000
8389.435547 0.000000 3074.230957 0.000000 0.584900 0.000000 0.811105 1.000000 1.000000 1.000000
8406.249023 0.000000 3074.746338 0.000000 0.978415 0.000000 -0.206647 1.000000 1.000000 1.000000
8409.923828 0.000000 3071.799316 0.000000 0.187738 0.000000 -0.982219 1.000000 1.000000 1.000000
8391.277344 0.000000 3073.729980 0.000000 0.202556 0.000000 -0.979271 1.000000 1.000000 1.000000
8388.881836 0.000000 3072.905518 0.000000 0.291924 0.000000 0.956442 1.000000 1.000000 1.000000
8408.267578 0.000000 3070.121826 0.000000 0.943420 0.000000 -0.331599 1.000000 1.000000 1.000000
8425.692383 0.000000 3033.989014 0.000000 0.003325 0.000000 0.999994 1.000000 1.000000 1.000000
8430.762695 0.000000 3040.111084 0.000000 0.939127 0.000000 0.343571 1.000000 1.000000 1.000000
8433.375977 0.000000 3042.692383 0.000000 0.853257 0.000000 0.521490 1.000000 1.000000 1.000000
8432.769531 0.000000 3049.566650 0.000000 0.582239 0.000000 -0.813018 1.000000 1.000000 1.000000
8444.724609 0.000000 3074.605225 0.000000 0.463273 0.000000 -0.886216 1.000000 1.000000 1.000000
8431.535156 0.000000 3034.001221 0.000000 0.317387 0.000000 0.948296 1.000000 1.000000 1.000000
8429.244141 0.000000 3038.291504 0.000000 0.997918 0.000000 0.064503 1.000000 1.000000 1.000000
8431.515625 0.000000 3044.264160 0.000000 0.591380 0.000000 -0.806393 1.000000 1.000000 1.000000
8437.304688 0.000000 3088.964844 0.000000 0.143030 0.000000 0.989718 1.000000 1.000000 1.000000
8433.766602 0.000000 3047.936523 0.000000 0.126893 0.000000 -0.991916 1.000000 1.000000 1.000000
8413.987305 0.000000 3100.451904 0.000000 0.979990 0.000000 -0.199045 1.000000 1.000000 1.000000
8422.178711 0.000000 3103.093994 0.000000 0.984076 0.000000 0.177748 1.000000 1.000000 1.000000
8414.665039 0.000000 3104.545654 0.000000 0.709280 0.000000 -0.704927 1.000000 1.000000 1.000000
8409.527344 0.000000 3095.819336 0.000000 0.956510 0.000000 -0.291699 1.000000 1.000000 1.000000
8420.708008 0.000000 3100.005371 0.000000 0.174247 0.000000 -0.984702 1.000000 1.000000 1.000000
8423.071289 0.000000 3119.932129 0.000000 0.531965 0.000000 -0.846766 1.000000 1.000000 1.000000
8421.397461 0.000000 3125.767578 0.000000 0.295327 0.000000 0.955396 1.000000 1.000000 1.000000
8415.812500 0.000000 3102.445068 0.000000 0.985121 0.000000 0.171861 1.000000 1.000000 1.000000
8416.840820 0.000000 3104.407715 0.000000 0.237493 0.000000 -0.971389 1.000000 1.000000 1.000000
8421.271484 0.000000 3104.911621 0.000000 0.436196 0.000000 0.899852 1.000000 1.000000 1.000000
8422.276367 0.000000 3118.161133 0.000000 0.975600 0.000000 0.219554 1.000000 1.000000 1.000000
8414.061523 0.000000 3102.125488 0.000000 0.970442 0.000000 -0.241334 1.000000 1.000000 1.000000
8423.049805 0.000000 3121.583984 0.000000 0.764402 0.000000 -0.644740 1.000000 1.000000 1.000000
8445.179688 0.000000 3105.480225 0.000000 0.982756 0.000000 0.184906 1.000000 1.000000 1.000000
8425.692383 0.000000 3105.973389 0.000000 0.999984 0.000000 0.005696 1.000000 1.000000 1.000000
8443.756836 0.000000 3110.300537 0.000000 0.978802 0.000000 -0.204809 1.000000 1.000000 1.000000
8423.113281 0.000000 3102.848145 0.000000 0.495889 0.000000 0.868386 1.000000 1.000000 1.000000
8444.168945 0.000000 3102.126953 0.000000 0.917430 0.000000 -0.397898 1.000000 1.000000 1.000000
8455.910156 0.000000 3147.421143 0.000000 0.847373 0.000000 0.530998 1.000000 1.000000 1.000000
8425.060547 0.000000 3166.274414 0.000000 0.835175 0.000000 0.549985 1.000000 1.000000 1.000000
8423.166992 0.000000 3105.733398 0.000000 0.413880 0.000000 0.910331 1.000000 1.000000 1.000000
8423.208008 0.000000 3144.822510 0.000000 0.447965 0.000000 -0.894051 1.000000 1.000000 1.000000
8423.969727 0.000000 3120.100098 0.000000 0.420325 0.000000 0.907373 1.000000 1.000000 1.000000
8444.701172 0.000000 3108.022705 0.000000 0.724534 0.000000 0.689239 1.000000 1.000000 1.000000
8427.277344 0.000000 3143.269043 0.000000 0.748160 0.000000 0.663518 1.000000 1.000000 1.000000
8423.782227 0.000000 3118.066162 0.000000 0.415920 0.000000 0.909401 1.000000 1.000000 1.000000
8457.772461 0.000000 3165.807373 0.000000 0.732357 0.000000 -0.680921 1.000000 1.000000 1.000000
8456.873047 0.000000 3162.062500 0.000000 0.619423 0.000000 -0.785057 1.000000 1.000000 1.000000
8473.285156 0.000000 3162.667969 0.000000 0.946321 0.000000 -0.323229 1.000000 1.000000 1.000000
8456.505859 0.000000 3164.831543 0.000000 0.983417 0.000000 0.181358 1.000000 1.000000 1.000000
8421.835938 0.000000 3188.229492 0.000000 0.457505 0.000000 0.889207 1.000000 1.000000 1.000000
8410.393555 0.000000 3234.906250 0.000000 0.431293 0.000000 -0.902212 1.000000 1.000000 1.000000
8447.909180 0.000000 3217.514648 0.000000 0.762810 0.000000 -0.646623 1.000000 1.000000 1.000000
8438.817383 0.000000 3223.180908 0.000000 0.668401 0.000000 -0.743801 1.000000 1.000000 1.000000
8440.375977 0.000000 3213.056152 0.000000 0.689262 0.000000 -0.724512 1.000000 1.000000 1.000000
8445.332031 0.000000 3221.694092 0.000000 0.524279 0.000000 -0.851547 1.000000 1.000000 1.000000
8427.775391 0.000000 3168.723389 0.000000 0.011156 0.000000 -0.999938 1.000000 1.000000 1.000000
8428.054688 0.000000 3204.458008 0.000000 0.398463 0.000000 -0.917184 1.000000 1.000000 1.000000
8436.341797 0.000000 3204.626953 0.000000 0.999057 0.000000 0.043418 1.000000 1.000000 1.000000
8426.420898 0.000000 3197.033936 0.000000 0.620957 0.000000 0.783845 1.000000 1.000000 1.000000
8425.855469 0.000000 3208.597900 0.000000 0.759561 0.000000 -0.650436 1.000000 1.000000 1.000000
8437.901367 0.000000 3207.367188 0.000000 0.961113 0.000000 0.276157 1.000000 1.000000 1.000000
8439.160156 0.000000 3220.235840 0.000000 0.721854 0.000000 -0.692046 1.000000 1.000000 1.000000
8442.504883 0.000000 3211.154297 0.000000 0.844945 0.000000 -0.534853 1.000000 1.000000 1.000000
8441.578125 0.000000 3215.584717 0.000000 0.996980 0.000000 -0.077659 1.000000 1.000000 1.000000
8426.494141 0.000000 3206.322021 0.000000 0.975551 0.000000 0.219775 1.000000 1.000000 1.000000
8429.838867 0.000000 3169.824951 0.000000 0.906237 0.000000 0.422770 1.000000 1.000000 1.000000
8444.422852 0.000000 3223.977051 0.000000 0.477530 0.000000 0.878615 1.000000 1.000000 1.000000
8438.342773 0.000000 3214.032959 0.000000 0.891215 0.000000 -0.453581 1.000000 1.000000 1.000000
8427.730469 0.000000 3202.431396 0.000000 0.188764 0.000000 -0.982023 1.000000 1.000000 1.000000
8438.637695 0.000000 3225.265625 0.000000 0.420103 0.000000 -0.907476 1.000000 1.000000 1.000000
8427.811523 0.000000 3208.134766 0.000000 0.936373 0.000000 -0.351006 1.000000 1.000000 1.000000
8444.260742 0.000000 3212.182617 0.000000 0.950662 0.000000 -0.310229 1.000000 1.000000 1.000000
8424.389648 0.000000 3169.336426 0.000000 0.874123 0.000000 0.485705 1.000000 1.000000 1.000000
8440.559570 0.000000 3223.725830 0.000000 0.281579 0.000000 0.959538 1.000000 1.000000 1.000000
8439.885742 0.000000 3214.705322 0.000000 0.002345 0.000000 0.999997 1.000000 1.000000 1.000000
8434.778320 0.000000 3233.034668 0.000000 0.973964 0.000000 -0.226701 1.000000 1.000000 1.000000
8427.469727 0.000000 3170.227539 0.000000 0.185833 0.000000 -0.982581 1.000000 1.000000 1.000000
8426.458008 0.000000 3169.257324 0.000000 0.382233 0.000000 0.924066 1.000000 1.000000 1.000000
8396.456055 0.000000 3452.951172 0.000000 0.945363 0.000000 -0.326020 1.000000 1.000000 1.000000
8370.292969 0.000000 3402.861328 0.000000 0.383972 0.000000 0.923345 1.000000 1.000000 1.000000
8383.161133 0.000000 3454.113037 0.000000 0.777154 0.000000 0.629311 1.000000 1.000000 1.000000
8376.662109 0.000000 3399.375977 0.000000 0.919728 0.000000 0.392557 1.000000 1.000000 1.000000
8389.625977 0.000000 3452.065186 0.000000 0.196076 0.000000 0.980589 1.000000 1.000000 1.000000
8390.575195 0.000000 3412.077148 0.000000 0.973145 0.000000 -0.230191 1.000000 1.000000 1.000000
8391.082031 0.000000 3414.383789 0.000000 0.630090 0.000000 0.776522 1.000000 1.000000 1.000000
8405.602539 0.000000 3451.397705 0.000000 0.943177 0.000000 -0.332290 1.000000 1.000000 1.000000
8405.302734 0.000000 3455.102051 0.000000 0.240571 0.000000 -0.970632 1.000000 1.000000 1.000000
8391.381836 0.000000 3416.601807 0.000000 0.890521 0.000000 0.454942 1.000000 1.000000 1.000000
8405.355469 0.000000 3447.487305 0.000000 0.289117 0.000000 -0.957294 1.000000 1.000000 1.000000
8404.144531 0.000000 3450.833008 0.000000 0.814360 0.000000 -0.580360 1.000000 1.000000 1.000000
8482.343750 0.000000 3435.376221 0.000000 0.509190 0.000000 0.860654 1.000000 1.000000 1.000000
8481.440430 0.000000 3430.186768 0.000000 0.195833 0.000000 0.980637 1.000000 1.000000 1.000000
8478.520508 0.000000 3441.268555 0.000000 0.634768 0.000000 0.772703 1.000000 1.000000 1.000000
8484.690430 0.000000 3437.857666 0.000000 0.319297 0.000000 0.947655 1.000000 1.000000 1.000000
8480.043945 0.000000 3435.247803 0.000000 0.999973 0.000000 -0.007355 1.000000 1.000000 1.000000
8480.741211 0.000000 3432.331055 0.000000 0.621822 0.000000 0.783159 1.000000 1.000000 1.000000
8482.347656 0.000000 3437.869385 0.000000 0.770737 0.000000 -0.637154 1.000000 1.000000 1.000000
8483.825195 0.000000 3436.321289 0.000000 0.999459 0.000000 -0.032889 1.000000 1.000000 1.000000
8481.426758 0.000000 3433.905273 0.000000 0.999593 0.000000 0.028545 1.000000 1.000000 1.000000
8481.916016 0.000000 3431.721191 0.000000 0.987035 0.000000 0.160507 1.000000 1.000000 1.000000
8383.006836 0.000000 3463.873535 0.000000 0.815965 0.000000 0.578101 1.000000 1.000000 1.000000
8399.452148 0.000000 3464.190674 0.000000 0.894916 0.000000 -0.446235 1.000000 1.000000 1.000000
8391.026367 0.000000 3455.883301 0.000000 0.996271 0.000000 -0.086278 1.000000 1.000000 1.000000
8384.286133 0.000000 3457.189697 0.000000 0.947492 0.000000 -0.319779 1.000000 1.000000 1.000000
8397.708008 0.000000 3457.580566 0.000000 0.175101 0.000000 0.984551 1.000000 1.000000 1.000000
8394.040039 0.000000 3458.078613 0.000000 0.449976 0.000000 0.893040 1.000000 1.000000 1.000000
"}
