object={
	name="tree_sakura_02_generator_0"
	render_pass=Map
	clamp_to_water_level=no
	generated_content=yes
	layer="tree_high_layer"
	pdxmesh="tree_sakura_02_mesh"
	count=53
	transform="7907.358398 0.000000 2697.423828 0.000000 0.507773 0.000000 -0.861491 1.000000 1.000000 1.000000
7903.287598 0.000000 2700.194824 0.000000 0.041883 0.000000 0.999123 1.000000 1.000000 1.000000
7909.898926 0.000000 2703.125977 0.000000 0.963390 0.000000 0.268102 1.000000 1.000000 1.000000
7907.886230 0.000000 2705.053223 0.000000 0.236159 0.000000 0.971714 1.000000 1.000000 1.000000
7925.604004 0.000000 2631.241943 0.000000 0.014497 0.000000 -0.999895 1.000000 1.000000 1.000000
7922.548340 0.000000 2630.447021 0.000000 0.896640 0.000000 0.442761 1.000000 1.000000 1.000000
7942.954102 0.000000 2608.908203 0.000000 0.744328 0.000000 -0.667815 1.000000 1.000000 1.000000
7942.268555 0.000000 2603.077637 0.000000 0.853090 0.000000 -0.521763 1.000000 1.000000 1.000000
7952.333008 0.000000 2665.361572 0.000000 0.682700 0.000000 -0.730698 1.000000 1.000000 1.000000
7955.788086 0.000000 2665.453613 0.000000 0.832117 0.000000 -0.554601 1.000000 1.000000 1.000000
7955.551758 0.000000 2667.756592 0.000000 0.921277 0.000000 -0.388907 1.000000 1.000000 1.000000
8036.494629 0.000000 2733.107422 0.000000 0.775716 0.000000 -0.631082 1.000000 1.000000 1.000000
8031.017578 0.000000 2734.576172 0.000000 0.170657 0.000000 -0.985331 1.000000 1.000000 1.000000
8034.837891 0.000000 2714.708252 0.000000 0.761113 0.000000 -0.648620 1.000000 1.000000 1.000000
8031.065918 0.000000 2736.039551 0.000000 0.950426 0.000000 -0.310951 1.000000 1.000000 1.000000
8052.258301 0.000000 2745.556885 0.000000 0.620815 0.000000 0.783957 1.000000 1.000000 1.000000
8050.647461 0.000000 2747.257812 0.000000 0.185926 0.000000 -0.982564 1.000000 1.000000 1.000000
8095.451172 0.000000 2791.952637 0.000000 0.841608 0.000000 0.540089 1.000000 1.000000 1.000000
8198.909180 0.000000 2791.487061 0.000000 0.598937 0.000000 0.800796 1.000000 1.000000 1.000000
8192.805664 0.000000 2794.296387 0.000000 0.221770 0.000000 -0.975099 1.000000 1.000000 1.000000
8185.004395 0.000000 2799.233154 0.000000 0.978223 0.000000 -0.207557 1.000000 1.000000 1.000000
8092.660156 0.000000 2859.575684 0.000000 0.559608 0.000000 -0.828757 1.000000 1.000000 1.000000
8126.449707 0.000000 2856.619873 0.000000 0.480545 0.000000 -0.876970 1.000000 1.000000 1.000000
8092.001953 0.000000 2866.669922 0.000000 0.491710 0.000000 -0.870759 1.000000 1.000000 1.000000
8093.572754 0.000000 2861.200928 0.000000 0.115248 0.000000 0.993337 1.000000 1.000000 1.000000
8095.055664 0.000000 2867.807373 0.000000 0.313314 0.000000 0.949650 1.000000 1.000000 1.000000
8228.835938 0.000000 2838.265625 0.000000 0.026686 0.000000 -0.999644 1.000000 1.000000 1.000000
8226.578125 0.000000 2839.420166 0.000000 0.428294 0.000000 0.903639 1.000000 1.000000 1.000000
8227.231445 0.000000 2836.997559 0.000000 0.225135 0.000000 -0.974328 1.000000 1.000000 1.000000
8229.557617 0.000000 2836.595947 0.000000 0.961228 0.000000 -0.275756 1.000000 1.000000 1.000000
8228.977539 0.000000 2832.664551 0.000000 0.516025 0.000000 0.856574 1.000000 1.000000 1.000000
8228.078125 0.000000 2832.249512 0.000000 0.028202 0.000000 0.999602 1.000000 1.000000 1.000000
8269.403320 0.000000 2902.467529 0.000000 0.367539 0.000000 0.930008 1.000000 1.000000 1.000000
8267.994141 0.000000 2904.301758 0.000000 0.498839 0.000000 0.866694 1.000000 1.000000 1.000000
8265.549805 0.000000 2909.054688 0.000000 0.864697 0.000000 0.502294 1.000000 1.000000 1.000000
8265.209961 0.000000 2905.165771 0.000000 0.535070 0.000000 -0.844807 1.000000 1.000000 1.000000
8310.800781 0.000000 2928.877686 0.000000 0.681593 0.000000 0.731731 1.000000 1.000000 1.000000
8316.778320 0.000000 2940.092041 0.000000 0.816180 0.000000 -0.577797 1.000000 1.000000 1.000000
8342.078125 0.000000 2900.093262 0.000000 0.853779 0.000000 -0.520636 1.000000 1.000000 1.000000
8344.275391 0.000000 2903.576660 0.000000 0.599640 0.000000 -0.800270 1.000000 1.000000 1.000000
8339.180664 0.000000 2952.864502 0.000000 0.139145 0.000000 -0.990272 1.000000 1.000000 1.000000
8413.843750 0.000000 2991.063477 0.000000 0.800766 0.000000 -0.598977 1.000000 1.000000 1.000000
8431.192383 0.000000 2978.841553 0.000000 0.718042 0.000000 0.696000 1.000000 1.000000 1.000000
8430.323242 0.000000 2980.426270 0.000000 0.205614 0.000000 0.978633 1.000000 1.000000 1.000000
8432.801758 0.000000 2988.468018 0.000000 0.681108 0.000000 -0.732183 1.000000 1.000000 1.000000
8411.433594 0.000000 3067.504395 0.000000 0.999515 0.000000 0.031132 1.000000 1.000000 1.000000
8407.333984 0.000000 3069.272217 0.000000 0.221208 0.000000 0.975227 1.000000 1.000000 1.000000
8426.849609 0.000000 3038.040039 0.000000 0.537563 0.000000 0.843224 1.000000 1.000000 1.000000
8428.083984 0.000000 3037.607422 0.000000 0.933619 0.000000 -0.358269 1.000000 1.000000 1.000000
8401.203125 0.000000 3237.925781 0.000000 0.435501 0.000000 0.900188 1.000000 1.000000 1.000000
8463.018555 0.000000 3167.945801 0.000000 0.997290 0.000000 0.073575 1.000000 1.000000 1.000000
8469.700195 0.000000 3169.643066 0.000000 0.644675 0.000000 -0.764457 1.000000 1.000000 1.000000
8403.496094 0.000000 3442.942871 0.000000 0.420428 0.000000 -0.907326 1.000000 1.000000 1.000000
"}
