object={
	name="tree_leaf_pink_high_generator_2_0"
	render_pass=Map
	clamp_to_water_level=no
	generated_content=yes
	layer="tree_high_layer"
	pdxmesh="tree_leaf_pink_01_b_mesh"
	count=60
	transform="2938.833008 0.000000 1079.311279 0.000000 0.331287 0.000000 0.943530 0.380297 0.380297 0.380297
2940.871582 0.000000 1081.539185 0.000000 0.991917 0.000000 0.126892 0.395235 0.395235 0.395235
2910.509033 0.000000 1148.704224 0.000000 0.874190 0.000000 0.485583 0.350633 0.350633 0.350633
2902.625244 0.000000 1147.837036 0.000000 0.705520 0.000000 0.708690 0.350447 0.350447 0.350447
3046.863037 0.000000 1072.447876 0.000000 0.346981 0.000000 -0.937872 0.431584 0.431584 0.431584
2999.928955 0.000000 1131.492432 0.000000 0.685411 0.000000 0.728157 0.381266 0.381266 0.381266
2964.004395 0.000000 1091.364990 0.000000 0.356708 0.000000 -0.934216 0.433121 0.433121 0.433121
3009.608887 0.000000 1130.745728 0.000000 0.833970 0.000000 -0.551809 0.472090 0.472090 0.472090
2931.345459 0.000000 1188.553101 0.000000 0.380947 0.000000 0.924597 0.262723 0.262723 0.262723
2920.124512 0.000000 1174.400269 0.000000 0.952882 0.000000 0.303340 0.387535 0.387535 0.387535
2925.494873 0.000000 1172.277344 0.000000 0.954629 0.000000 0.297798 0.386864 0.386864 0.386864
2925.006592 0.000000 1174.988770 0.000000 0.999788 0.000000 -0.020615 0.401801 0.401801 0.401801
2936.995361 0.000000 1151.789307 0.000000 0.990983 0.000000 0.133989 0.392082 0.392082 0.392082
2983.209229 0.000000 1179.779663 0.000000 0.494935 0.000000 0.868930 0.341637 0.341637 0.341637
2996.884521 0.000000 1195.572021 0.000000 0.153396 0.000000 -0.988165 0.496209 0.496209 0.496209
2998.785156 0.000000 1197.746582 0.000000 0.358455 0.000000 0.933547 0.312216 0.312216 0.312216
2974.352295 0.000000 1165.539917 0.000000 0.290233 0.000000 -0.956956 0.505789 0.505789 0.505789
2981.634766 0.000000 1162.855591 0.000000 0.923321 0.000000 0.384029 0.369298 0.369298 0.369298
3001.320068 0.000000 1197.248291 0.000000 0.767225 0.000000 0.641378 0.357237 0.357237 0.357237
2980.379150 0.000000 1161.069214 0.000000 0.130496 0.000000 0.991449 0.313005 0.313005 0.313005
3039.134521 0.000000 1160.310913 0.000000 0.618413 0.000000 0.785853 0.320100 0.320100 0.320100
2967.122314 0.000000 1221.006104 0.000000 0.306795 0.000000 0.951776 0.254789 0.254789 0.254789
2955.744141 0.000000 1221.309448 0.000000 0.681691 0.000000 0.731640 0.389345 0.389345 0.389345
3012.544434 0.000000 1653.030151 0.000000 0.317613 0.000000 0.948220 0.385673 0.385673 0.385673
3093.689941 0.000000 1132.357178 0.000000 0.100491 0.000000 -0.994938 0.569566 0.569566 0.569566
3216.986084 0.000000 1145.050537 0.000000 0.658729 0.000000 0.752380 0.384691 0.384691 0.384691
3230.469971 0.000000 1148.704224 0.000000 0.970663 0.000000 -0.240445 0.407153 0.407153 0.407153
3241.533936 0.000000 1151.665527 0.000000 0.368771 0.000000 -0.929520 0.459573 0.459573 0.459573
3226.954834 0.000000 1148.631592 0.000000 0.063480 0.000000 -0.997983 0.509126 0.509126 0.509126
3239.844482 0.000000 1163.753784 0.000000 0.464289 0.000000 -0.885684 0.417927 0.417927 0.417927
3230.686768 0.000000 1163.131104 0.000000 0.601817 0.000000 -0.798634 0.415242 0.415242 0.415242
3209.271240 0.000000 1155.699341 0.000000 0.051577 0.000000 -0.998669 0.459925 0.459925 0.459925
3244.745117 0.000000 1161.580322 0.000000 0.458635 0.000000 -0.888625 0.440981 0.440981 0.440981
3231.111084 0.000000 1160.310913 0.000000 0.976278 0.000000 0.216521 0.391827 0.391827 0.391827
3233.167480 0.000000 1161.529053 0.000000 0.842295 0.000000 -0.539016 0.432688 0.432688 0.432688
3160.569336 0.000000 1328.380127 0.000000 0.815076 0.000000 -0.579353 0.438876 0.438876 0.438876
3150.985840 0.000000 1384.331787 0.000000 0.873543 0.000000 0.486747 0.393654 0.393654 0.393654
3140.034180 0.000000 1376.688965 0.000000 0.346209 0.000000 -0.938157 0.422488 0.422488 0.422488
3154.454590 0.000000 1368.562744 0.000000 0.990773 0.000000 -0.135529 0.404073 0.404073 0.404073
3142.143311 0.000000 1399.552124 0.000000 0.770091 0.000000 0.637934 0.375475 0.375475 0.375475
3141.546631 0.000000 1374.409058 0.000000 0.872761 0.000000 -0.488147 0.419097 0.419097 0.419097
3146.500732 0.000000 1400.744019 0.000000 0.346472 0.000000 -0.938060 0.457727 0.457727 0.457727
3149.186035 0.000000 1382.623169 0.000000 0.260825 0.000000 -0.965386 0.474392 0.474392 0.474392
3145.873779 0.000000 1395.466187 0.000000 0.985098 0.000000 0.171992 0.386622 0.386622 0.386622
3166.328857 0.000000 1357.493042 0.000000 0.288006 0.000000 -0.957629 0.488744 0.488744 0.488744
3135.725830 0.000000 1387.665649 0.000000 0.774171 0.000000 0.632976 0.354484 0.354484 0.354484
3234.807617 0.000000 1287.573853 0.000000 0.018962 0.000000 0.999820 0.355059 0.355059 0.355059
3228.577393 0.000000 1289.791016 0.000000 0.998649 0.000000 0.051954 0.396315 0.396315 0.396315
3227.785645 0.000000 1297.266235 0.000000 0.872291 0.000000 0.488987 0.371938 0.371938 0.371938
3264.901855 0.000000 1336.233521 0.000000 0.671158 0.000000 0.741314 0.387075 0.387075 0.387075
3266.568359 0.000000 1330.924316 0.000000 0.693082 0.000000 -0.720859 0.445422 0.445422 0.445422
3316.845459 0.000000 1323.540771 0.000000 0.387263 0.000000 0.921969 0.350796 0.350796 0.350796
3295.537354 0.000000 1298.950195 0.000000 0.999714 0.000000 -0.023916 0.401206 0.401206 0.401206
3239.039551 0.000000 1343.725708 0.000000 0.002995 0.000000 -0.999996 0.474368 0.474368 0.474368
3304.077637 0.000000 1366.353394 0.000000 0.994708 0.000000 0.102744 0.396608 0.396608 0.396608
3144.838135 0.000000 1414.556152 0.000000 0.833099 0.000000 0.553123 0.379807 0.379807 0.379807
3364.055664 0.000000 1383.418213 0.000000 0.997452 0.000000 0.071346 0.396969 0.396969 0.396969
3352.044922 0.000000 1356.141846 0.000000 0.692299 0.000000 -0.721611 0.445483 0.445483 0.445483
3372.809570 0.000000 2851.702148 0.000000 0.882168 0.000000 -0.470935 0.403183 0.403183 0.403183
3362.574463 0.000000 2819.018311 0.000000 0.955971 0.000000 0.293461 0.392118 0.392118 0.392118
"}
