object={
	name="tree_pine_snow_a_generator_1_0"
	render_pass=Map
	clamp_to_water_level=no
	generated_content=yes
	layer="tree_high_layer"
	pdxmesh="tree_pine_snow_a_mesh"
	count=11
	transform="5305.083008 0.000000 796.985901 0.000000 0.591180 0.000000 0.806540 1.000000 1.000000 1.000000
5299.560547 0.000000 795.509888 0.000000 0.279313 0.000000 0.960200 1.000000 1.000000 1.000000
5298.456543 0.000000 798.352051 0.000000 0.485405 0.000000 0.874289 1.000000 1.000000 1.000000
5303.085938 0.000000 797.939575 0.000000 0.716655 0.000000 0.697428 1.000000 1.000000 1.000000
5301.373535 0.000000 796.107849 0.000000 0.332361 0.000000 0.943152 1.000000 1.000000 1.000000
5304.904785 0.000000 795.097656 0.000000 0.156463 0.000000 0.987684 1.000000 1.000000 1.000000
5299.374023 0.000000 797.060791 0.000000 0.861357 0.000000 0.508000 1.000000 1.000000 1.000000
5301.361816 0.000000 799.771973 0.000000 0.712427 0.000000 0.701746 1.000000 1.000000 1.000000
5300.782715 0.000000 794.588989 0.000000 0.426961 0.000000 0.904270 1.000000 1.000000 1.000000
5298.140137 0.000000 795.349487 0.000000 0.396872 0.000000 0.917874 1.000000 1.000000 1.000000
5299.270020 0.000000 794.214905 0.000000 0.275965 0.000000 0.961168 1.000000 1.000000 1.000000
"}
object={
	name="tree_pine_snow_a_generator_1_1"
	render_pass=Map
	clamp_to_water_level=no
	generated_content=yes
	layer="tree_high_layer"
	pdxmesh="tree_pine_snow_b_mesh"
	count=9
	transform="5300.879395 0.000000 798.035400 0.000000 0.959918 0.000000 -0.280282 1.000000 1.000000 1.000000
5299.811523 0.000000 792.915039 0.000000 0.939322 0.000000 -0.343038 1.000000 1.000000 1.000000
5305.663086 0.000000 799.801575 0.000000 0.993225 0.000000 -0.116211 1.000000 1.000000 1.000000
5297.059082 0.000000 796.196167 0.000000 0.955988 0.000000 -0.293404 1.000000 1.000000 1.000000
5302.977539 0.000000 794.971191 0.000000 0.992583 0.000000 0.121572 1.000000 1.000000 1.000000
5299.785645 0.000000 799.768799 0.000000 0.999869 0.000000 0.016193 1.000000 1.000000 1.000000
5301.927734 0.000000 797.271790 0.000000 0.993283 0.000000 -0.115707 1.000000 1.000000 1.000000
5298.175293 0.000000 796.699219 0.000000 0.966998 0.000000 0.254782 1.000000 1.000000 1.000000
5300.369141 0.000000 796.592224 0.000000 0.970519 0.000000 0.241023 1.000000 1.000000 1.000000
"}
object={
	name="tree_pine_snow_a_generator_1_2"
	render_pass=Map
	clamp_to_water_level=no
	generated_content=yes
	layer="tree_high_layer"
	pdxmesh="tree_pine_snow_c_mesh"
	count=5
	transform="5301.718262 0.000000 793.346924 0.000000 0.266313 0.000000 -0.963887 1.000000 1.000000 1.000000
5303.605469 0.000000 796.358459 0.000000 0.030209 0.000000 -0.999544 1.000000 1.000000 1.000000
5301.923340 0.000000 794.526978 0.000000 0.664113 0.000000 -0.747632 1.000000 1.000000 1.000000
5302.509766 0.000000 796.072876 0.000000 0.156610 0.000000 -0.987661 1.000000 1.000000 1.000000
5303.924805 0.000000 795.248535 0.000000 0.711928 0.000000 -0.702252 1.000000 1.000000 1.000000
"}
