object={
	name="tree_redwood_01_generator_0"
	render_pass=Map
	clamp_to_water_level=no
	generated_content=yes
	layer="tree_high_layer"
	pdxmesh="tree_redwood_01_a_mesh"
	count=23
	transform="1789.436523 0.000000 448.697144 0.000000 0.134281 0.000000 0.990943 0.800000 0.800000 0.800000
1837.627441 0.000000 468.449249 0.000000 0.420292 0.000000 0.907389 0.800000 0.800000 0.800000
1823.716919 0.000000 467.153320 0.000000 0.068045 0.000000 0.997682 0.800000 0.800000 0.800000
2997.160156 0.000000 286.160431 0.000000 0.460072 0.000000 0.887882 0.800000 0.800000 0.800000
3007.260498 0.000000 299.647217 0.000000 0.370851 0.000000 0.928692 0.800000 0.800000 0.800000
3185.979248 0.000000 2491.798828 0.000000 0.118087 0.000000 0.993003 0.800000 0.800000 0.800000
3174.569336 0.000000 2483.794678 0.000000 0.767081 0.000000 0.641550 0.800000 0.800000 0.800000
3186.792969 0.000000 2485.971680 0.000000 0.232678 0.000000 0.972554 0.800000 0.800000 0.800000
3191.271484 0.000000 2489.156738 0.000000 0.861382 0.000000 0.507958 0.800000 0.800000 0.800000
3183.860107 0.000000 2479.605225 0.000000 0.364627 0.000000 0.931154 0.800000 0.800000 0.800000
3188.126465 0.000000 2481.951904 0.000000 0.271700 0.000000 0.962382 0.800000 0.800000 0.800000
3186.470459 0.000000 2495.381348 0.000000 0.738047 0.000000 0.674750 0.800000 0.800000 0.800000
3177.974609 0.000000 2482.930908 0.000000 0.576541 0.000000 0.817068 0.800000 0.800000 0.800000
3187.984619 0.000000 2489.221924 0.000000 0.198203 0.000000 0.980161 0.800000 0.800000 0.800000
3183.167480 0.000000 2496.818848 0.000000 0.236952 0.000000 0.971521 0.800000 0.800000 0.800000
3193.994873 0.000000 2497.358887 0.000000 0.084765 0.000000 0.996401 0.800000 0.800000 0.800000
3207.866455 0.000000 2474.898682 0.000000 0.479171 0.000000 0.877722 0.800000 0.800000 0.800000
3219.383301 0.000000 2479.744141 0.000000 0.364158 0.000000 0.931337 0.800000 0.800000 0.800000
3212.117920 0.000000 2484.295654 0.000000 0.216632 0.000000 0.976253 0.800000 0.800000 0.800000
3210.755371 0.000000 2479.906250 0.000000 0.787580 0.000000 0.616213 0.800000 0.800000 0.800000
3363.882812 0.000000 2831.862549 0.000000 0.715199 0.000000 0.698921 0.800000 0.800000 0.800000
3364.880859 0.000000 2844.352295 0.000000 0.510800 0.000000 0.859700 0.800000 0.800000 0.800000
3362.791992 0.000000 2823.198730 0.000000 0.672431 0.000000 0.740160 0.800000 0.800000 0.800000
"}
object={
	name="tree_redwood_01_generator_1"
	render_pass=Map
	clamp_to_water_level=no
	generated_content=yes
	layer="tree_high_layer"
	pdxmesh="tree_redwood_01_b_mesh"
	count=17
	transform="1811.554932 0.000000 432.244141 0.000000 0.985743 0.000000 0.168256 0.800000 0.800000 0.800000
1805.169067 0.000000 438.479370 0.000000 0.920789 0.000000 -0.390061 0.800000 0.800000 0.800000
1840.321655 0.000000 473.047089 0.000000 0.985889 0.000000 0.167398 0.800000 0.800000 0.800000
1810.241699 0.000000 452.002136 0.000000 0.985320 0.000000 0.170717 0.800000 0.800000 0.800000
3178.226074 0.000000 2479.240967 0.000000 0.972360 0.000000 0.233486 0.800000 0.800000 0.800000
3189.987305 0.000000 2486.181396 0.000000 0.997952 0.000000 -0.063970 0.800000 0.800000 0.800000
3180.244385 0.000000 2486.674316 0.000000 0.998390 0.000000 0.056720 0.800000 0.800000 0.800000
3191.607178 0.000000 2491.707275 0.000000 0.953525 0.000000 -0.301312 0.800000 0.800000 0.800000
3190.670654 0.000000 2496.142822 0.000000 0.996589 0.000000 0.082522 0.800000 0.800000 0.800000
3186.836914 0.000000 2498.839844 0.000000 0.978101 0.000000 0.208131 0.800000 0.800000 0.800000
3216.050537 0.000000 2476.764404 0.000000 0.996349 0.000000 -0.085378 0.800000 0.800000 0.800000
3217.690918 0.000000 2483.850342 0.000000 0.906331 0.000000 0.422569 0.800000 0.800000 0.800000
3221.674316 0.000000 2476.029053 0.000000 0.955141 0.000000 -0.296152 0.800000 0.800000 0.800000
3213.593262 0.000000 2481.065674 0.000000 0.968326 0.000000 -0.249691 0.800000 0.800000 0.800000
3211.667969 0.000000 2477.060303 0.000000 0.877518 0.000000 0.479543 0.800000 0.800000 0.800000
3216.620605 0.000000 2480.988770 0.000000 0.891310 0.000000 0.453394 0.800000 0.800000 0.800000
3360.898438 0.000000 2827.391602 0.000000 0.934753 0.000000 0.355299 0.800000 0.800000 0.800000
"}
object={
	name="tree_redwood_01_generator_2"
	render_pass=Map
	clamp_to_water_level=no
	generated_content=yes
	layer="tree_high_layer"
	pdxmesh="tree_redwood_01_c_mesh"
	count=28
	transform="1822.858521 0.000000 459.302979 0.000000 0.198299 0.000000 -0.980142 0.800000 0.800000 0.800000
1822.492920 0.000000 461.711853 0.000000 0.131807 0.000000 -0.991275 0.800000 0.800000 0.800000
3012.317383 0.000000 300.458435 0.000000 0.525011 0.000000 -0.851095 0.800000 0.800000 0.800000
3192.257568 0.000000 2483.760498 0.000000 0.478144 0.000000 -0.878281 0.800000 0.800000 0.800000
3175.938965 0.000000 2493.346924 0.000000 0.192932 0.000000 -0.981212 0.800000 0.800000 0.800000
3181.260742 0.000000 2483.861572 0.000000 0.277428 0.000000 -0.960747 0.800000 0.800000 0.800000
3196.168457 0.000000 2492.126953 0.000000 0.095285 0.000000 -0.995450 0.800000 0.800000 0.800000
3188.290771 0.000000 2477.725586 0.000000 0.630505 0.000000 -0.776185 0.800000 0.800000 0.800000
3180.563965 0.000000 2489.627930 0.000000 0.851545 0.000000 -0.524281 0.800000 0.800000 0.800000
3177.310547 0.000000 2486.966309 0.000000 0.693813 0.000000 -0.720156 0.800000 0.800000 0.800000
3189.606445 0.000000 2493.472412 0.000000 0.794325 0.000000 -0.607494 0.800000 0.800000 0.800000
3183.249023 0.000000 2486.942627 0.000000 0.851636 0.000000 -0.524133 0.800000 0.800000 0.800000
3193.137207 0.000000 2493.740723 0.000000 0.555363 0.000000 -0.831608 0.800000 0.800000 0.800000
3184.892578 0.000000 2482.962891 0.000000 0.744644 0.000000 -0.667462 0.800000 0.800000 0.800000
3183.325684 0.000000 2493.607422 0.000000 0.241913 0.000000 -0.970298 0.800000 0.800000 0.800000
3180.912354 0.000000 2480.844727 0.000000 0.798829 0.000000 -0.601559 0.800000 0.800000 0.800000
3183.497070 0.000000 2490.031494 0.000000 0.336357 0.000000 -0.941735 0.800000 0.800000 0.800000
3197.264648 0.000000 2496.197266 0.000000 0.847323 0.000000 -0.531078 0.800000 0.800000 0.800000
3191.522217 0.000000 2499.944824 0.000000 0.495912 0.000000 -0.868373 0.800000 0.800000 0.800000
3187.558105 0.000000 2495.827393 0.000000 0.552029 0.000000 -0.833825 0.800000 0.800000 0.800000
3208.170654 0.000000 2481.274414 0.000000 0.198048 0.000000 -0.980192 0.800000 0.800000 0.800000
3223.280518 0.000000 2481.821777 0.000000 0.854794 0.000000 -0.518968 0.800000 0.800000 0.800000
3213.037109 0.000000 2487.854248 0.000000 0.386633 0.000000 -0.922234 0.800000 0.800000 0.800000
3214.978027 0.000000 2472.066162 0.000000 0.684146 0.000000 -0.729345 0.800000 0.800000 0.800000
3213.897949 0.000000 2478.447998 0.000000 0.658513 0.000000 -0.752569 0.800000 0.800000 0.800000
3367.521729 0.000000 2840.896240 0.000000 0.820482 0.000000 -0.571673 0.800000 0.800000 0.800000
3370.801270 0.000000 2837.092285 0.000000 0.631318 0.000000 -0.775524 0.800000 0.800000 0.800000
3352.343018 0.000000 2831.308838 0.000000 0.286662 0.000000 -0.958032 0.800000 0.800000 0.800000
"}
