object={
	name="tree_leaf_pink_high_generator_3_0"
	render_pass=Map
	clamp_to_water_level=no
	generated_content=yes
	layer="tree_high_layer"
	pdxmesh="tree_leaf_pink_01_c_mesh"
	count=156
	transform="2900.614746 0.000000 1146.780640 0.000000 0.573464 0.000000 -0.819231 0.854648 0.854648 0.854648
2910.963379 0.000000 1143.668213 0.000000 0.955848 0.000000 -0.293861 0.801430 0.801430 0.801430
2914.556152 0.000000 1143.431274 0.000000 0.526303 0.000000 -0.850297 0.883445 0.883445 0.883445
2937.168457 0.000000 1150.068848 0.000000 0.999955 0.000000 -0.009439 0.800667 0.800667 0.800667
2912.788330 0.000000 1146.140259 0.000000 0.727679 0.000000 0.685918 0.761957 0.761957 0.761957
3004.098389 0.000000 1067.559448 0.000000 0.966268 0.000000 -0.257539 0.839798 0.839798 0.839798
2952.901611 0.000000 1078.576538 0.000000 0.312179 0.000000 0.950023 0.683603 0.683603 0.683603
2950.166748 0.000000 1079.630249 0.000000 0.684560 0.000000 -0.728956 0.849919 0.849919 0.849919
2951.181641 0.000000 1076.358398 0.000000 0.860020 0.000000 0.510260 0.759894 0.759894 0.759894
3009.608887 0.000000 1066.761353 0.000000 0.815652 0.000000 -0.578542 0.894261 0.894261 0.894261
3047.954590 0.000000 1085.690674 0.000000 0.201026 0.000000 0.979586 0.701612 0.701612 0.701612
3046.584961 0.000000 1076.138550 0.000000 0.997683 0.000000 -0.068030 0.803060 0.803060 0.803060
3045.616943 0.000000 1081.174805 0.000000 0.196298 0.000000 -0.980544 0.934938 0.934938 0.934938
3010.441162 0.000000 1063.692261 0.000000 0.798626 0.000000 0.601828 0.746989 0.746989 0.746989
3004.098389 0.000000 1131.543823 0.000000 0.847579 0.000000 -0.530670 0.822121 0.822121 0.822121
2960.233643 0.000000 1091.489136 0.000000 0.666934 0.000000 -0.745117 0.829720 0.829720 0.829720
2962.381348 0.000000 1093.777344 0.000000 0.775454 0.000000 -0.631404 0.856914 0.856914 0.856914
3043.128906 0.000000 1088.296875 0.000000 0.872944 0.000000 -0.487820 0.821373 0.821373 0.821373
3012.885742 0.000000 1125.766602 0.000000 0.991702 0.000000 -0.128557 0.806643 0.806643 0.806643
3033.040039 0.000000 1124.465088 0.000000 0.600605 0.000000 -0.799546 0.871060 0.871060 0.871060
3007.666992 0.000000 1126.535522 0.000000 0.767318 0.000000 -0.641267 0.848802 0.848802 0.848802
3012.901611 0.000000 1129.408569 0.000000 0.968515 0.000000 0.248954 0.790201 0.790201 0.790201
3010.095215 0.000000 1124.431274 0.000000 0.453204 0.000000 -0.891407 0.880441 0.880441 0.880441
3040.208496 0.000000 1089.539917 0.000000 0.996328 0.000000 -0.085615 0.806626 0.806626 0.806626
3010.441162 0.000000 1127.676636 0.000000 0.989140 0.000000 0.146979 0.784179 0.784179 0.784179
3035.979492 0.000000 1117.263062 0.000000 0.476339 0.000000 0.879261 0.725331 0.725331 0.725331
2936.288818 0.000000 1204.072876 0.000000 0.977723 0.000000 0.209897 0.767690 0.767690 0.767690
2887.815674 0.000000 1181.043213 0.000000 0.965095 0.000000 -0.261899 0.831596 0.831596 0.831596
2921.190186 0.000000 1168.130859 0.000000 0.965805 0.000000 -0.259270 0.806443 0.806443 0.806443
2925.786377 0.000000 1182.005127 0.000000 0.148351 0.000000 -0.988935 1.017250 1.017250 1.017250
2941.815918 0.000000 1202.804932 0.000000 0.902060 0.000000 0.431610 0.731814 0.731814 0.731814
2936.342773 0.000000 1191.314941 0.000000 0.339706 0.000000 -0.940532 0.888754 0.888754 0.888754
2885.009766 0.000000 1176.045166 0.000000 0.973521 0.000000 0.228599 0.795854 0.795854 0.795854
2882.411133 0.000000 1181.260864 0.000000 0.721855 0.000000 -0.692044 0.851749 0.851749 0.851749
2927.501709 0.000000 1160.593018 0.000000 0.984903 0.000000 0.173106 0.795413 0.795413 0.795413
2914.743408 0.000000 1177.328003 0.000000 0.751590 0.000000 -0.659631 0.847476 0.847476 0.847476
2918.135010 0.000000 1172.392334 0.000000 0.995063 0.000000 0.099242 0.792436 0.792436 0.792436
2938.833008 0.000000 1207.280029 0.000000 0.047725 0.000000 0.998861 0.736120 0.736120 0.736120
2932.157715 0.000000 1202.264404 0.000000 0.973757 0.000000 0.227591 0.777026 0.777026 0.777026
2928.169922 0.000000 1187.558960 0.000000 0.814072 0.000000 0.580764 0.729084 0.729084 0.729084
2924.013184 0.000000 1184.791138 0.000000 0.438117 0.000000 -0.898918 0.901756 0.901756 0.901756
2923.357910 0.000000 1170.395630 0.000000 0.425411 0.000000 -0.905000 0.873212 0.873212 0.873212
2940.540283 0.000000 1200.042358 0.000000 0.367083 0.000000 -0.930188 0.928158 0.928158 0.928158
2934.407471 0.000000 1200.243530 0.000000 0.277699 0.000000 -0.960668 0.897344 0.897344 0.897344
2939.089355 0.000000 1190.339478 0.000000 0.342883 0.000000 0.939378 0.707103 0.707103 0.707103
2927.118652 0.000000 1163.493530 0.000000 0.339528 0.000000 -0.940596 0.918112 0.918112 0.918112
2920.826172 0.000000 1171.660767 0.000000 0.990981 0.000000 0.134003 0.789933 0.789933 0.789933
2940.527100 0.000000 1205.180786 0.000000 0.723728 0.000000 0.690086 0.733375 0.733375 0.733375
2996.314209 0.000000 1198.038086 0.000000 0.795256 0.000000 -0.606274 0.809367 0.809367 0.809367
2983.875732 0.000000 1163.753784 0.000000 0.321603 0.000000 0.946875 0.763495 0.763495 0.763495
2999.928955 0.000000 1195.476807 0.000000 0.920840 0.000000 -0.389941 0.836001 0.836001 0.836001
2981.230225 0.000000 1165.451050 0.000000 0.107634 0.000000 -0.994191 0.873631 0.873631 0.873631
2978.458496 0.000000 1165.716064 0.000000 0.999169 0.000000 -0.040750 0.803248 0.803248 0.803248
3036.000000 0.000000 1159.383423 0.000000 0.469189 0.000000 -0.883098 0.807783 0.807783 0.807783
2953.316162 0.000000 1225.948608 0.000000 0.314070 0.000000 -0.949400 0.818744 0.818744 0.818744
2965.215332 0.000000 1216.057129 0.000000 0.810628 0.000000 0.585561 0.704420 0.704420 0.704420
2950.429199 0.000000 1220.390625 0.000000 0.613652 0.000000 -0.789577 0.813088 0.813088 0.813088
2952.861572 0.000000 1222.603027 0.000000 0.662511 0.000000 0.749052 0.761954 0.761954 0.761954
2962.381348 0.000000 1221.746094 0.000000 0.295200 0.000000 -0.955435 0.897488 0.897488 0.897488
2969.236328 0.000000 1223.017212 0.000000 0.328674 0.000000 0.944443 0.702993 0.702993 0.702993
2965.968994 0.000000 1223.626831 0.000000 0.092603 0.000000 -0.995703 0.923986 0.923986 0.923986
2993.541992 0.000000 1632.295288 0.000000 0.999999 0.000000 -0.001500 0.800069 0.800069 0.800069
3009.608887 0.000000 1642.620728 0.000000 0.963502 0.000000 -0.267701 0.801299 0.801299 0.801299
3088.066162 0.000000 1133.092407 0.000000 0.189288 0.000000 -0.981922 1.010903 1.010903 1.010903
3085.052734 0.000000 1144.182373 0.000000 0.077436 0.000000 -0.996997 0.817895 0.817895 0.817895
3091.398926 0.000000 1136.072266 0.000000 0.905460 0.000000 -0.424431 0.819960 0.819960 0.819960
3083.225586 0.000000 1129.315186 0.000000 0.053337 0.000000 -0.998577 0.902740 0.902740 0.902740
3256.249756 0.000000 1140.088501 0.000000 0.853817 0.000000 -0.520574 0.849209 0.849209 0.849209
3236.814453 0.000000 1133.651978 0.000000 0.396441 0.000000 0.918060 0.669674 0.669674 0.669674
3239.931152 0.000000 1149.675049 0.000000 0.598127 0.000000 -0.801401 0.816153 0.816153 0.816153
3260.160645 0.000000 1148.455078 0.000000 0.888236 0.000000 0.459388 0.746806 0.746806 0.746806
3230.308350 0.000000 1136.401489 0.000000 0.976803 0.000000 -0.214140 0.824181 0.824181 0.824181
3244.825195 0.000000 1124.123901 0.000000 0.587691 0.000000 0.809085 0.709071 0.709071 0.709071
3244.556152 0.000000 1145.956055 0.000000 0.585344 0.000000 -0.810785 0.850420 0.850420 0.850420
3233.860596 0.000000 1148.887451 0.000000 0.499777 0.000000 -0.866154 0.862761 0.862761 0.862761
3242.218262 0.000000 1135.569214 0.000000 0.993097 0.000000 0.117296 0.782037 0.782037 0.782037
3240.968506 0.000000 1131.258057 0.000000 0.633769 0.000000 -0.773523 0.831794 0.831794 0.831794
3228.277832 0.000000 1140.144043 0.000000 0.073011 0.000000 0.997331 0.712056 0.712056 0.712056
3244.150635 0.000000 1150.499756 0.000000 0.291623 0.000000 -0.956533 0.853471 0.853471 0.853471
3228.319824 0.000000 1146.431274 0.000000 0.275939 0.000000 -0.961175 0.851836 0.851836 0.851836
3247.241211 0.000000 1143.270752 0.000000 0.072825 0.000000 0.997345 0.654605 0.654605 0.654605
3247.317871 0.000000 1149.935547 0.000000 0.212392 0.000000 0.977185 0.662613 0.662613 0.662613
3247.489258 0.000000 1146.359741 0.000000 0.481440 0.000000 -0.876479 0.902434 0.902434 0.902434
3239.918457 0.000000 1133.847290 0.000000 0.429363 0.000000 0.903132 0.691957 0.691957 0.691957
3254.662842 0.000000 1152.470947 0.000000 0.990406 0.000000 -0.138187 0.812210 0.812210 0.812210
3210.991211 0.000000 1152.505615 0.000000 0.273604 0.000000 -0.961843 0.869761 0.869761 0.869761
3242.594727 0.000000 1159.665405 0.000000 0.933743 0.000000 -0.357943 0.809212 0.809212 0.809212
3235.105469 0.000000 1152.281250 0.000000 0.504907 0.000000 0.863174 0.752572 0.752572 0.752572
3219.248291 0.000000 1160.742310 0.000000 0.135696 0.000000 0.990750 0.724353 0.724353 0.724353
3235.132324 0.000000 1162.863647 0.000000 0.174621 0.000000 0.984636 0.730611 0.730611 0.730611
3216.202393 0.000000 1155.473511 0.000000 0.987346 0.000000 -0.158584 0.802195 0.802195 0.802195
3223.898926 0.000000 1161.642334 0.000000 0.867972 0.000000 0.496614 0.767927 0.767927 0.767927
3215.651611 0.000000 1159.274658 0.000000 0.227724 0.000000 0.973726 0.711612 0.711612 0.711612
3257.987061 0.000000 1153.687134 0.000000 0.908279 0.000000 -0.418364 0.831553 0.831553 0.831553
3238.483643 0.000000 1160.578979 0.000000 0.941702 0.000000 -0.336449 0.824261 0.824261 0.824261
3234.807617 0.000000 1159.605103 0.000000 0.960663 0.000000 -0.277716 0.817030 0.817030 0.817030
3221.937744 0.000000 1159.642456 0.000000 0.853895 0.000000 -0.520445 0.845260 0.845260 0.845260
3180.833008 0.000000 1316.077026 0.000000 0.463391 0.000000 -0.886154 0.820880 0.820880 0.820880
3161.870605 0.000000 1326.072876 0.000000 0.759577 0.000000 0.650417 0.747388 0.747388 0.747388
3177.974609 0.000000 1331.212158 0.000000 0.576513 0.000000 0.817088 0.706599 0.706599 0.706599
3158.699707 0.000000 1327.161133 0.000000 0.241411 0.000000 -0.970423 0.871558 0.871558 0.871558
3135.244873 0.000000 1387.381592 0.000000 0.206173 0.000000 -0.978516 0.908628 0.908628 0.908628
3137.593262 0.000000 1386.683228 0.000000 0.671341 0.000000 -0.741148 0.927545 0.927545 0.927545
3141.178955 0.000000 1402.227905 0.000000 0.465958 0.000000 0.884807 0.769415 0.769415 0.769415
3143.784424 0.000000 1372.996338 0.000000 0.718353 0.000000 0.695678 0.785249 0.785249 0.785249
3146.989990 0.000000 1381.479980 0.000000 0.956349 0.000000 -0.292228 0.811372 0.811372 0.811372
3144.178467 0.000000 1393.540039 0.000000 0.410116 0.000000 -0.912033 0.975434 0.975434 0.975434
3149.044922 0.000000 1400.119873 0.000000 0.815717 0.000000 0.578451 0.705756 0.705756 0.705756
3164.389893 0.000000 1358.982666 0.000000 0.256099 0.000000 0.966650 0.758342 0.758342 0.758342
3143.874268 0.000000 1387.164307 0.000000 0.619834 0.000000 0.784733 0.662144 0.662144 0.662144
3140.870117 0.000000 1381.704102 0.000000 0.991966 0.000000 -0.126504 0.803268 0.803268 0.803268
3151.989990 0.000000 1405.813354 0.000000 0.156315 0.000000 0.987707 0.668695 0.668695 0.668695
3141.195068 0.000000 1407.609497 0.000000 0.645370 0.000000 -0.763870 0.815105 0.815105 0.815105
3157.119873 0.000000 1369.936035 0.000000 0.481489 0.000000 0.876452 0.751986 0.751986 0.751986
3140.528809 0.000000 1397.092651 0.000000 0.432217 0.000000 -0.901770 0.861951 0.861951 0.861951
3143.783936 0.000000 1377.855225 0.000000 0.148994 0.000000 0.988838 0.713991 0.713991 0.713991
3144.878174 0.000000 1398.498413 0.000000 0.566424 0.000000 -0.824114 0.863842 0.863842 0.863842
3151.399658 0.000000 1380.570312 0.000000 0.234184 0.000000 0.972192 0.752827 0.752827 0.752827
3152.225830 0.000000 1366.692017 0.000000 0.763104 0.000000 0.646275 0.768422 0.768422 0.768422
3144.054932 0.000000 1383.597412 0.000000 0.829417 0.000000 -0.558630 0.848300 0.848300 0.848300
3151.076172 0.000000 1397.790527 0.000000 0.707762 0.000000 0.706451 0.739836 0.739836 0.739836
3173.206787 0.000000 1357.404175 0.000000 0.997073 0.000000 0.076460 0.793397 0.793397 0.793397
3141.026123 0.000000 1393.965210 0.000000 0.512574 0.000000 -0.858643 0.889095 0.889095 0.889095
3138.425537 0.000000 1383.614136 0.000000 0.135736 0.000000 0.990745 0.721777 0.721777 0.721777
3143.158203 0.000000 1396.280273 0.000000 0.599053 0.000000 0.800709 0.733242 0.733242 0.733242
3239.931152 0.000000 1341.628174 0.000000 0.179193 0.000000 0.983814 0.650853 0.650853 0.650853
3228.382080 0.000000 1294.998291 0.000000 0.562740 0.000000 0.826634 0.651321 0.651321 0.651321
3230.686768 0.000000 1291.099854 0.000000 0.994930 0.000000 0.100568 0.797224 0.797224 0.797224
3224.894775 0.000000 1297.639893 0.000000 0.723413 0.000000 0.690415 0.767124 0.767124 0.767124
3232.271973 0.000000 1295.091064 0.000000 0.686701 0.000000 -0.726940 0.904842 0.904842 0.904842
3238.483643 0.000000 1288.547729 0.000000 0.298648 0.000000 0.954363 0.745319 0.745319 0.745319
3226.635742 0.000000 1284.234619 0.000000 0.980871 0.000000 0.194656 0.789670 0.789670 0.789670
3237.783447 0.000000 1282.201416 0.000000 0.871090 0.000000 -0.491123 0.834759 0.834759 0.834759
3232.185059 0.000000 1281.493042 0.000000 0.787524 0.000000 -0.616284 0.859679 0.859679 0.859679
3238.581543 0.000000 1297.536255 0.000000 0.999674 0.000000 -0.025533 0.801821 0.801821 0.801821
3269.163330 0.000000 1338.243530 0.000000 0.423764 0.000000 -0.905773 0.856355 0.856355 0.856355
3264.102783 0.000000 1330.804077 0.000000 0.798837 0.000000 -0.601548 0.881213 0.881213 0.881213
3267.859131 0.000000 1327.048584 0.000000 0.984243 0.000000 0.176819 0.789243 0.789243 0.789243
3319.889893 0.000000 1323.445557 0.000000 0.701525 0.000000 -0.712645 0.872721 0.872721 0.872721
3284.382080 0.000000 1297.531006 0.000000 0.723968 0.000000 -0.689833 0.829192 0.829192 0.829192
3269.010498 0.000000 1329.980835 0.000000 0.698675 0.000000 0.715439 0.716882 0.716882 0.716882
3289.791016 0.000000 1371.511230 0.000000 0.983695 0.000000 0.179846 0.791440 0.791440 0.791440
3304.779297 0.000000 1363.613892 0.000000 0.381393 0.000000 0.924413 0.720141 0.720141 0.720141
3147.720703 0.000000 1413.262573 0.000000 0.999158 0.000000 -0.041020 0.801623 0.801623 0.801623
3139.786133 0.000000 1408.909912 0.000000 0.300419 0.000000 -0.953807 0.856876 0.856876 0.856876
3319.379395 0.000000 1442.947632 0.000000 0.445357 0.000000 -0.895353 0.880418 0.880418 0.880418
3314.470215 0.000000 1455.905029 0.000000 0.507833 0.000000 -0.861455 0.886460 0.886460 0.886460
3358.527588 0.000000 1371.931274 0.000000 0.964963 0.000000 -0.262385 0.820044 0.820044 0.820044
3342.333496 0.000000 1354.836914 0.000000 0.779594 0.000000 -0.626285 0.870558 0.870558 0.870558
3331.851318 0.000000 1391.032959 0.000000 0.988013 0.000000 0.154370 0.795357 0.795357 0.795357
3363.607666 0.000000 1380.812622 0.000000 0.842709 0.000000 -0.538369 0.817372 0.817372 0.817372
3344.186768 0.000000 1411.411011 0.000000 0.586646 0.000000 -0.809844 0.816401 0.816401 0.816401
2512.761963 0.000000 2192.886230 0.000000 0.974119 0.000000 0.226038 0.796585 0.796585 0.796585
3355.960938 0.000000 2822.977295 0.000000 0.372973 0.000000 0.927842 0.792166 0.792166 0.792166
3365.020996 0.000000 2821.056641 0.000000 0.732971 0.000000 -0.680260 0.814792 0.814792 0.814792
3360.289062 0.000000 2821.357666 0.000000 0.838251 0.000000 -0.545284 0.825917 0.825917 0.825917
"}
