object={
	name="tree_savanna_generator_0"
	render_pass=Map
	clamp_to_water_level=no
	generated_content=yes
	layer="tree_high_layer"
	pdxmesh="tree_acacia_01_b_mesh"
	count=16
	transform="2485.337891 0.000000 1254.955811 0.000000 0.322201 0.000000 0.946671 1.000000 1.000000 1.000000
2485.691895 0.000000 1252.707642 0.000000 0.106412 0.000000 0.994322 1.000000 1.000000 1.000000
3361.298828 0.000000 2820.032227 0.000000 0.284213 0.000000 0.958761 1.000000 1.000000 1.000000
5214.301270 0.000000 732.087524 0.000000 0.003954 0.000000 0.999992 1.000000 1.000000 1.000000
5219.062988 0.000000 725.811096 0.000000 0.124478 0.000000 0.992222 1.000000 1.000000 1.000000
5499.887207 0.000000 1212.439453 0.000000 0.204327 0.000000 0.978903 1.000000 1.000000 1.000000
5461.819824 0.000000 1214.426147 0.000000 0.163984 0.000000 0.986463 1.000000 1.000000 1.000000
5465.148438 0.000000 1214.818726 0.000000 0.121792 0.000000 0.992556 1.000000 1.000000 1.000000
5461.380859 0.000000 1185.451538 0.000000 0.007736 0.000000 0.999970 1.000000 1.000000 1.000000
5496.039551 0.000000 1201.567017 0.000000 0.245662 0.000000 0.969356 1.000000 1.000000 1.000000
5499.413086 0.000000 1210.875977 0.000000 0.234459 0.000000 0.972126 1.000000 1.000000 1.000000
5462.055664 0.000000 1194.857178 0.000000 0.246150 0.000000 0.969232 1.000000 1.000000 1.000000
5461.556152 0.000000 1208.034546 0.000000 0.139784 0.000000 0.990182 1.000000 1.000000 1.000000
5468.840820 0.000000 1217.426758 0.000000 0.109699 0.000000 0.993965 1.000000 1.000000 1.000000
5508.240234 0.000000 1205.139526 0.000000 0.371022 0.000000 0.928624 1.000000 1.000000 1.000000
5510.383301 0.000000 1202.618652 0.000000 0.061556 0.000000 0.998104 1.000000 1.000000 1.000000
"}
object={
	name="tree_savanna_generator_1"
	render_pass=Map
	clamp_to_water_level=no
	generated_content=yes
	layer="tree_high_layer"
	pdxmesh="tree_acacia_01_a_mesh"
	count=18
	transform="3348.971436 0.000000 2826.938232 0.000000 0.498802 0.000000 0.866716 1.000000 1.000000 1.000000
3354.156982 0.000000 2824.923584 0.000000 0.473209 0.000000 0.880950 1.000000 1.000000 1.000000
5211.796387 0.000000 728.475098 0.000000 0.578820 0.000000 0.815455 1.000000 1.000000 1.000000
5212.113770 0.000000 724.265198 0.000000 0.561599 0.000000 0.827410 1.000000 1.000000 1.000000
5213.305176 0.000000 724.565491 0.000000 0.421896 0.000000 0.906644 1.000000 1.000000 1.000000
5460.302246 0.000000 1210.765015 0.000000 0.565751 0.000000 0.824576 1.000000 1.000000 1.000000
5495.976562 0.000000 1204.072876 0.000000 0.496968 0.000000 0.867769 1.000000 1.000000 1.000000
5500.228027 0.000000 1200.042358 0.000000 0.392206 0.000000 0.919877 1.000000 1.000000 1.000000
5463.721191 0.000000 1194.728027 0.000000 0.468043 0.000000 0.883706 1.000000 1.000000 1.000000
5460.520020 0.000000 1194.075073 0.000000 0.437493 0.000000 0.899222 1.000000 1.000000 1.000000
5496.196777 0.000000 1206.579102 0.000000 0.432080 0.000000 0.901835 1.000000 1.000000 1.000000
5452.798340 0.000000 1192.786133 0.000000 0.414648 0.000000 0.909982 1.000000 1.000000 1.000000
5459.098145 0.000000 1206.541504 0.000000 0.468819 0.000000 0.883294 1.000000 1.000000 1.000000
5461.850586 0.000000 1210.266357 0.000000 0.590582 0.000000 0.806978 1.000000 1.000000 1.000000
5459.032227 0.000000 1210.681885 0.000000 0.547675 0.000000 0.836691 1.000000 1.000000 1.000000
5466.732910 0.000000 1215.824097 0.000000 0.573941 0.000000 0.818897 1.000000 1.000000 1.000000
5534.813477 0.000000 1198.212280 0.000000 0.690792 0.000000 0.723053 1.000000 1.000000 1.000000
5508.047852 0.000000 1203.459961 0.000000 0.526071 0.000000 0.850440 1.000000 1.000000 1.000000
"}
object={
	name="tree_savanna_generator_2"
	render_pass=Map
	clamp_to_water_level=no
	generated_content=yes
	layer="tree_high_layer"
	pdxmesh="tree_acacia_01_c_mesh"
	count=16
	transform="2466.798096 0.000000 1177.328003 0.000000 0.798317 0.000000 0.602237 1.000000 1.000000 1.000000
2434.511475 0.000000 1191.661011 0.000000 0.869746 0.000000 0.493500 1.000000 1.000000 1.000000
2448.631348 0.000000 1176.514282 0.000000 0.911620 0.000000 0.411035 1.000000 1.000000 1.000000
5212.937500 0.000000 727.461304 0.000000 0.727465 0.000000 0.686145 1.000000 1.000000 1.000000
5217.375977 0.000000 732.995178 0.000000 0.712141 0.000000 0.702037 1.000000 1.000000 1.000000
5220.987793 0.000000 727.426392 0.000000 0.908979 0.000000 0.416841 1.000000 1.000000 1.000000
5211.098145 0.000000 725.247314 0.000000 0.880628 0.000000 0.473809 1.000000 1.000000 1.000000
5220.116211 0.000000 725.476440 0.000000 0.885208 0.000000 0.465195 1.000000 1.000000 1.000000
5219.479492 0.000000 730.199707 0.000000 0.860742 0.000000 0.509041 1.000000 1.000000 1.000000
5459.715332 0.000000 1209.634277 0.000000 0.860115 0.000000 0.510099 1.000000 1.000000 1.000000
5462.396973 0.000000 1218.418213 0.000000 0.838507 0.000000 0.544890 1.000000 1.000000 1.000000
5463.185547 0.000000 1215.859619 0.000000 0.908915 0.000000 0.416982 1.000000 1.000000 1.000000
5466.131348 0.000000 1217.031860 0.000000 0.868483 0.000000 0.495719 1.000000 1.000000 1.000000
5511.889648 0.000000 1201.586914 0.000000 0.895745 0.000000 0.444568 1.000000 1.000000 1.000000
5534.027344 0.000000 1200.385864 0.000000 0.769045 0.000000 0.639194 1.000000 1.000000 1.000000
5508.737305 0.000000 1202.012085 0.000000 0.746433 0.000000 0.665460 1.000000 1.000000 1.000000
"}
object={
	name="tree_savanna_generator_3"
	render_pass=Map
	clamp_to_water_level=no
	generated_content=yes
	layer="tree_high_layer"
	pdxmesh="tree_acacia_01_d_mesh"
	count=13
	transform="2464.294922 0.000000 1175.599243 0.000000 0.942707 0.000000 0.333622 1.000000 1.000000 1.000000
2449.609863 0.000000 1178.082764 0.000000 0.953853 0.000000 0.300275 1.000000 1.000000 1.000000
5218.758789 0.000000 724.611328 0.000000 0.972234 0.000000 0.234010 1.000000 1.000000 1.000000
5217.958008 0.000000 723.271362 0.000000 0.974317 0.000000 0.225179 1.000000 1.000000 1.000000
5214.135254 0.000000 722.450623 0.000000 0.992274 0.000000 0.124063 1.000000 1.000000 1.000000
5425.245605 0.000000 1184.404663 0.000000 0.932984 0.000000 0.359918 1.000000 1.000000 1.000000
5461.106934 0.000000 1206.064819 0.000000 0.997658 0.000000 0.068396 1.000000 1.000000 1.000000
5462.345215 0.000000 1192.258057 0.000000 0.992235 0.000000 0.124380 1.000000 1.000000 1.000000
5456.712891 0.000000 1209.034912 0.000000 0.954903 0.000000 0.296917 1.000000 1.000000 1.000000
5458.088867 0.000000 1194.077393 0.000000 0.917460 0.000000 0.397827 1.000000 1.000000 1.000000
5460.910645 0.000000 1216.057129 0.000000 0.953402 0.000000 0.301703 1.000000 1.000000 1.000000
5467.514648 0.000000 1216.945679 0.000000 0.913663 0.000000 0.406472 1.000000 1.000000 1.000000
5506.295410 0.000000 1202.955566 0.000000 0.997259 0.000000 0.073983 1.000000 1.000000 1.000000
"}
object={
	name="tree_savanna_generator_4"
	render_pass=Map
	clamp_to_water_level=no
	generated_content=yes
	layer="tree_high_layer"
	pdxmesh="tree_acacia_01_e_mesh"
	count=22
	transform="2383.919678 0.000000 1207.555054 0.000000 0.975141 0.000000 -0.221587 1.000000 1.000000 1.000000
2466.915771 0.000000 1174.734619 0.000000 0.950255 0.000000 -0.311472 1.000000 1.000000 1.000000
2484.594727 0.000000 1252.107422 0.000000 0.954473 0.000000 -0.298297 1.000000 1.000000 1.000000
3374.787109 0.000000 2848.429688 0.000000 0.993065 0.000000 -0.117567 1.000000 1.000000 1.000000
3356.561768 0.000000 2825.416016 0.000000 0.999638 0.000000 -0.026913 1.000000 1.000000 1.000000
3348.144531 0.000000 2828.979492 0.000000 0.996177 0.000000 -0.087358 1.000000 1.000000 1.000000
3362.999756 0.000000 2821.011719 0.000000 0.971638 0.000000 -0.236473 1.000000 1.000000 1.000000
3373.322510 0.000000 2847.395020 0.000000 0.988284 0.000000 -0.152623 1.000000 1.000000 1.000000
3361.787598 0.000000 2821.936035 0.000000 0.998502 0.000000 -0.054714 1.000000 1.000000 1.000000
5210.318359 0.000000 728.075012 0.000000 0.989779 0.000000 -0.142607 1.000000 1.000000 1.000000
5220.758789 0.000000 730.366882 0.000000 0.944302 0.000000 -0.329080 1.000000 1.000000 1.000000
5218.912598 0.000000 731.487671 0.000000 0.965130 0.000000 -0.261771 1.000000 1.000000 1.000000
5221.099121 0.000000 726.306152 0.000000 0.942223 0.000000 -0.334985 1.000000 1.000000 1.000000
5455.777344 0.000000 1197.076782 0.000000 0.998738 0.000000 -0.050223 1.000000 1.000000 1.000000
5473.125488 0.000000 1172.630737 0.000000 0.999642 0.000000 -0.026763 1.000000 1.000000 1.000000
5459.212402 0.000000 1173.197632 0.000000 0.999983 0.000000 -0.005889 1.000000 1.000000 1.000000
5452.934570 0.000000 1172.502197 0.000000 0.981072 0.000000 -0.193644 1.000000 1.000000 1.000000
5497.891113 0.000000 1210.146851 0.000000 0.999369 0.000000 0.035524 1.000000 1.000000 1.000000
5455.773926 0.000000 1194.626099 0.000000 0.973261 0.000000 -0.229702 1.000000 1.000000 1.000000
5458.319336 0.000000 1209.488281 0.000000 0.999469 0.000000 0.032578 1.000000 1.000000 1.000000
5466.362305 0.000000 1220.250244 0.000000 0.999440 0.000000 -0.033455 1.000000 1.000000 1.000000
5510.869141 0.000000 1204.327148 0.000000 0.999969 0.000000 0.007882 1.000000 1.000000 1.000000
"}
object={
	name="tree_savanna_generator_5"
	render_pass=Map
	clamp_to_water_level=no
	generated_content=yes
	layer="tree_high_layer"
	pdxmesh="tree_acacia_01_f_mesh"
	count=13
	transform="2395.887939 0.000000 1195.719849 0.000000 0.780567 0.000000 -0.625072 1.000000 1.000000 1.000000
2437.045898 0.000000 1192.264282 0.000000 0.892972 0.000000 -0.450113 1.000000 1.000000 1.000000
3365.183350 0.000000 2829.044922 0.000000 0.926646 0.000000 -0.375936 1.000000 1.000000 1.000000
5215.303223 0.000000 723.090820 0.000000 0.770924 0.000000 -0.636927 1.000000 1.000000 1.000000
5212.583008 0.000000 731.807007 0.000000 0.857037 0.000000 -0.515255 1.000000 1.000000 1.000000
5211.444824 0.000000 726.747375 0.000000 0.824221 0.000000 -0.566268 1.000000 1.000000 1.000000
5210.779785 0.000000 729.365295 0.000000 0.910366 0.000000 -0.413803 1.000000 1.000000 1.000000
5497.005859 0.000000 1199.413696 0.000000 0.761292 0.000000 -0.648409 1.000000 1.000000 1.000000
5450.937012 0.000000 1193.299561 0.000000 0.931068 0.000000 -0.364845 1.000000 1.000000 1.000000
5496.241211 0.000000 1210.594116 0.000000 0.828142 0.000000 -0.560519 1.000000 1.000000 1.000000
5507.585938 0.000000 1199.079834 0.000000 0.902847 0.000000 -0.429962 1.000000 1.000000 1.000000
5537.073730 0.000000 1198.671753 0.000000 0.799921 0.000000 -0.600105 1.000000 1.000000 1.000000
5513.584961 0.000000 1203.513062 0.000000 0.780073 0.000000 -0.625689 1.000000 1.000000 1.000000
"}
object={
	name="tree_savanna_generator_6"
	render_pass=Map
	clamp_to_water_level=no
	generated_content=yes
	layer="tree_high_layer"
	pdxmesh="tree_baobab_01_a_mesh"
	count=24
	transform="2394.680664 0.000000 1193.524292 0.000000 0.502228 0.000000 -0.864735 1.000000 1.000000 1.000000
2381.138672 0.000000 1208.166748 0.000000 0.599880 0.000000 -0.800090 1.000000 1.000000 1.000000
2385.792480 0.000000 1204.162964 0.000000 0.554878 0.000000 -0.831932 1.000000 1.000000 1.000000
2447.909180 0.000000 1178.306396 0.000000 0.492207 0.000000 -0.870478 1.000000 1.000000 1.000000
2436.971924 0.000000 1193.392944 0.000000 0.567249 0.000000 -0.823546 1.000000 1.000000 1.000000
2465.162354 0.000000 1176.904663 0.000000 0.728519 0.000000 -0.685025 1.000000 1.000000 1.000000
2487.107666 0.000000 1254.002563 0.000000 0.661931 0.000000 -0.749565 1.000000 1.000000 1.000000
3371.190918 0.000000 2845.960449 0.000000 0.745498 0.000000 -0.666508 1.000000 1.000000 1.000000
3358.050293 0.000000 2822.014160 0.000000 0.589809 0.000000 -0.807543 1.000000 1.000000 1.000000
3360.760742 0.000000 2823.127930 0.000000 0.728055 0.000000 -0.685519 1.000000 1.000000 1.000000
5208.382812 0.000000 726.160278 0.000000 0.723411 0.000000 -0.690417 1.000000 1.000000 1.000000
5221.854004 0.000000 724.501648 0.000000 0.457842 0.000000 -0.889034 1.000000 1.000000 1.000000
5215.831055 0.000000 732.483337 0.000000 0.520920 0.000000 -0.853605 1.000000 1.000000 1.000000
5216.613770 0.000000 723.471130 0.000000 0.517597 0.000000 -0.855625 1.000000 1.000000 1.000000
5214.676758 0.000000 733.340088 0.000000 0.604382 0.000000 -0.796695 1.000000 1.000000 1.000000
5425.043457 0.000000 1180.102417 0.000000 0.701166 0.000000 -0.712998 1.000000 1.000000 1.000000
5461.401367 0.000000 1196.341553 0.000000 0.587160 0.000000 -0.809471 1.000000 1.000000 1.000000
5458.809570 0.000000 1213.564331 0.000000 0.623682 0.000000 -0.781679 1.000000 1.000000 1.000000
5494.095215 0.000000 1200.243530 0.000000 0.578601 0.000000 -0.815611 1.000000 1.000000 1.000000
5459.460938 0.000000 1208.184570 0.000000 0.527271 0.000000 -0.849697 1.000000 1.000000 1.000000
5464.345703 0.000000 1219.488037 0.000000 0.654678 0.000000 -0.755908 1.000000 1.000000 1.000000
5466.866699 0.000000 1218.180176 0.000000 0.572087 0.000000 -0.820193 1.000000 1.000000 1.000000
5534.055176 0.000000 1195.912842 0.000000 0.467163 0.000000 -0.884171 1.000000 1.000000 1.000000
5511.925781 0.000000 1203.147827 0.000000 0.498320 0.000000 -0.866993 1.000000 1.000000 1.000000
"}
object={
	name="tree_savanna_generator_7"
	render_pass=Map
	clamp_to_water_level=no
	generated_content=yes
	layer="tree_high_layer"
	pdxmesh="tree_baobab_01_b_mesh"
	count=1
	transform="5214.207520 0.000000 723.962646 0.000000 0.400714 0.000000 -0.916203 1.000000 1.000000 1.000000
"}
object={
	name="tree_savanna_generator_8"
	render_pass=Map
	clamp_to_water_level=no
	generated_content=yes
	layer="tree_high_layer"
	pdxmesh="tree_baobab_01_c_mesh"
	count=9
	transform="2435.430176 0.000000 1192.903320 0.000000 0.231400 0.000000 -0.972859 1.000000 1.000000 1.000000
5212.993164 0.000000 723.242249 0.000000 0.273268 0.000000 -0.961938 1.000000 1.000000 1.000000
5212.767090 0.000000 725.505005 0.000000 0.308976 0.000000 -0.951070 1.000000 1.000000 1.000000
5213.470215 0.000000 730.685852 0.000000 0.368057 0.000000 -0.929803 1.000000 1.000000 1.000000
5457.939453 0.000000 1211.114746 0.000000 0.297080 0.000000 -0.954853 1.000000 1.000000 1.000000
5496.933105 0.000000 1208.451660 0.000000 0.261478 0.000000 -0.965210 1.000000 1.000000 1.000000
5459.221680 0.000000 1211.999268 0.000000 0.348541 0.000000 -0.937293 1.000000 1.000000 1.000000
5461.106445 0.000000 1211.631470 0.000000 0.246336 0.000000 -0.969184 1.000000 1.000000 1.000000
5464.794434 0.000000 1217.365601 0.000000 0.299902 0.000000 -0.953970 1.000000 1.000000 1.000000
"}
object={
	name="tree_savanna_generator_9"
	render_pass=Map
	clamp_to_water_level=no
	generated_content=yes
	layer="tree_high_layer"
	pdxmesh="tree_acacia_01_g_mesh"
	count=12
	transform="3362.411621 0.000000 2829.309814 0.000000 0.130779 0.000000 -0.991412 1.000000 1.000000 1.000000
5212.075195 0.000000 730.129089 0.000000 0.166271 0.000000 -0.986080 1.000000 1.000000 1.000000
5219.519531 0.000000 723.185791 0.000000 0.088728 0.000000 -0.996056 1.000000 1.000000 1.000000
5221.732422 0.000000 729.112122 0.000000 0.063916 0.000000 -0.997955 1.000000 1.000000 1.000000
5218.501953 0.000000 730.555420 0.000000 0.043332 0.000000 -0.999061 1.000000 1.000000 1.000000
5467.840820 0.000000 1214.692017 0.000000 0.180556 0.000000 -0.983565 1.000000 1.000000 1.000000
5494.990723 0.000000 1209.469238 0.000000 0.017866 0.000000 -0.999840 1.000000 1.000000 1.000000
5453.364258 0.000000 1195.100098 0.000000 0.120725 0.000000 -0.992686 1.000000 1.000000 1.000000
5460.831543 0.000000 1208.919556 0.000000 0.181658 0.000000 -0.983362 1.000000 1.000000 1.000000
5471.912109 0.000000 1217.508667 0.000000 0.023551 0.000000 -0.999723 1.000000 1.000000 1.000000
5504.042480 0.000000 1185.884399 0.000000 0.149671 0.000000 -0.988736 1.000000 1.000000 1.000000
5509.482422 0.000000 1203.856567 0.000000 0.075157 0.000000 -0.997172 1.000000 1.000000 1.000000
"}
