object={
	name="tree_leaf_large_high_generator_3_0"
	render_pass=Map
	clamp_to_water_level=no
	generated_content=yes
	layer="tree_high_layer"
	pdxmesh="tree_leaf_01_c_mesh"
	count=59
	transform="3027.258301 0.000000 2149.703613 0.000000 0.976113 0.000000 -0.217261 1.614960 1.614960 1.614960
3018.804688 0.000000 2136.555420 0.000000 0.426526 0.000000 -0.904475 1.884404 1.884404 1.884404
3033.822266 0.000000 2139.323730 0.000000 0.634472 0.000000 -0.772946 1.656111 1.656111 1.656111
3020.239014 0.000000 2141.118164 0.000000 0.270051 0.000000 -0.962846 1.926481 1.926481 1.926481
3026.582031 0.000000 2141.327148 0.000000 0.999241 0.000000 -0.038958 1.609806 1.609806 1.609806
3019.416260 0.000000 2144.651855 0.000000 0.549491 0.000000 -0.835499 1.720892 1.720892 1.720892
3029.851318 0.000000 2147.752441 0.000000 0.993123 0.000000 -0.117072 1.615890 1.615890 1.615890
3015.635254 0.000000 2137.606201 0.000000 0.810358 0.000000 0.585935 1.473216 1.473216 1.473216
3013.688477 0.000000 2132.924805 0.000000 0.805399 0.000000 0.592733 1.518649 1.518649 1.518649
3030.947510 0.000000 2140.019287 0.000000 0.991680 0.000000 -0.128730 1.621193 1.621193 1.621193
3018.850342 0.000000 2133.741699 0.000000 0.263111 0.000000 0.964765 1.356125 1.356125 1.356125
3019.029541 0.000000 2130.279785 0.000000 0.186488 0.000000 0.982457 1.425956 1.425956 1.425956
3017.432373 0.000000 2142.898438 0.000000 0.430759 0.000000 -0.902467 1.752402 1.752402 1.752402
2852.861328 0.000000 2221.386475 0.000000 0.821365 0.000000 0.570404 1.596363 1.596363 1.596363
2867.353271 0.000000 2212.303223 0.000000 0.850375 0.000000 0.526177 1.590704 1.590704 1.590704
2855.584229 0.000000 2201.052490 0.000000 0.475500 0.000000 -0.879716 1.718545 1.718545 1.718545
2846.372314 0.000000 2211.277588 0.000000 0.181804 0.000000 -0.983335 1.649898 1.649898 1.649898
2855.503662 0.000000 2214.907959 0.000000 0.672287 0.000000 0.740290 1.580024 1.580024 1.580024
2869.175781 0.000000 2205.691650 0.000000 0.568716 0.000000 0.822534 1.525925 1.525925 1.525925
2860.872070 0.000000 2211.858398 0.000000 0.614443 0.000000 0.788961 1.553154 1.553154 1.553154
2868.107910 0.000000 2200.571289 0.000000 0.610736 0.000000 0.791835 1.560578 1.560578 1.560578
2862.229248 0.000000 2192.799561 0.000000 0.268366 0.000000 -0.963317 1.663828 1.663828 1.663828
2861.077148 0.000000 2201.338867 0.000000 0.992542 0.000000 0.121905 1.594142 1.594142 1.594142
2857.015381 0.000000 2218.992432 0.000000 0.803689 0.000000 0.595049 1.554176 1.554176 1.554176
2866.710449 0.000000 2194.198242 0.000000 0.538022 0.000000 0.842931 1.536316 1.536316 1.536316
2871.434082 0.000000 2210.760010 0.000000 0.990151 0.000000 -0.140004 1.609763 1.609763 1.609763
2852.943359 0.000000 2204.508545 0.000000 0.191234 0.000000 -0.981545 1.702410 1.702410 1.702410
2859.458252 0.000000 2215.547363 0.000000 0.511996 0.000000 -0.858988 1.673056 1.673056 1.673056
2853.276855 0.000000 2199.067139 0.000000 0.851949 0.000000 0.523624 1.541884 1.541884 1.541884
2936.288818 0.000000 2227.822998 0.000000 0.659500 0.000000 -0.751704 1.605097 1.605097 1.605097
2930.010498 0.000000 2299.845703 0.000000 0.993901 0.000000 0.110279 1.598146 1.598146 1.598146
2929.407471 0.000000 2252.934814 0.000000 0.185311 0.000000 0.982680 1.550230 1.550230 1.550230
2895.854492 0.000000 2266.040771 0.000000 0.958845 0.000000 0.283930 1.594825 1.594825 1.594825
2915.171387 0.000000 2250.597900 0.000000 0.930315 0.000000 -0.366761 1.613500 1.613500 1.613500
2930.824219 0.000000 2294.018555 0.000000 0.922717 0.000000 0.385478 1.567753 1.567753 1.567753
2941.815918 0.000000 2290.539307 0.000000 0.484550 0.000000 0.874763 1.532363 1.532363 1.532363
2885.009766 0.000000 2263.779541 0.000000 0.980781 0.000000 -0.195113 1.609884 1.609884 1.609884
2890.820312 0.000000 2264.524170 0.000000 0.051596 0.000000 0.998668 1.448899 1.448899 1.448899
2938.795898 0.000000 2290.179443 0.000000 0.846994 0.000000 0.531602 1.539551 1.539551 1.539551
2890.865967 0.000000 2261.710449 0.000000 0.395965 0.000000 -0.918266 1.743632 1.743632 1.743632
2999.012451 0.000000 2195.995117 0.000000 0.373201 0.000000 0.927750 1.575791 1.575791 1.575791
2998.871338 0.000000 2199.250000 0.000000 0.964423 0.000000 -0.264363 1.643603 1.643603 1.643603
2945.616699 0.000000 2282.464600 0.000000 0.794524 0.000000 -0.607233 1.616422 1.616422 1.616422
2955.022461 0.000000 2240.239990 0.000000 0.439580 0.000000 0.898203 1.587968 1.587968 1.587968
2961.170654 0.000000 2239.458984 0.000000 0.736596 0.000000 -0.676333 1.653406 1.653406 1.653406
2140.410645 0.000000 2611.784668 0.000000 0.181150 0.000000 0.983455 1.277171 1.277171 1.277171
2136.938477 0.000000 2619.459717 0.000000 0.930540 0.000000 0.366189 1.566305 1.566305 1.566305
2130.976318 0.000000 2604.939453 0.000000 0.752328 0.000000 0.658789 1.473307 1.473307 1.473307
5482.543945 0.000000 405.685944 0.000000 0.257798 0.000000 0.966199 1.443011 1.443011 1.443011
5812.816895 0.000000 478.113556 0.000000 0.264932 0.000000 0.964267 1.401748 1.401748 1.401748
5809.198730 0.000000 480.576538 0.000000 0.686897 0.000000 0.726754 1.537603 1.537603 1.537603
5792.383789 0.000000 480.149994 0.000000 0.711681 0.000000 0.702503 1.552397 1.552397 1.552397
5800.710938 0.000000 482.323639 0.000000 0.986525 0.000000 -0.163608 1.633087 1.633087 1.633087
5474.858887 0.000000 650.988647 0.000000 0.300679 0.000000 -0.953725 1.645491 1.645491 1.645491
5459.212402 0.000000 661.322571 0.000000 0.079538 0.000000 -0.996832 1.832302 1.832302 1.832302
5470.413574 0.000000 651.256104 0.000000 0.226250 0.000000 0.974069 1.326494 1.326494 1.326494
5738.290527 0.000000 519.821655 0.000000 0.735274 0.000000 0.677770 1.425975 1.425975 1.425975
5735.540039 0.000000 523.909973 0.000000 0.763028 0.000000 0.646365 1.467773 1.467773 1.467773
5740.440918 0.000000 521.736572 0.000000 0.320071 0.000000 -0.947394 1.805886 1.805886 1.805886
"}
