object={
	name="tree_leaf_pink_high_generator_1_0"
	render_pass=Map
	clamp_to_water_level=no
	generated_content=yes
	layer="tree_high_layer"
	pdxmesh="tree_leaf_pink_01_a_mesh"
	count=295
	transform="2941.043457 0.000000 1079.278931 0.000000 0.698060 0.000000 -0.716039 1.035915 1.035915 1.035915
2910.431396 0.000000 1145.787720 0.000000 0.153462 0.000000 0.988155 0.217115 0.217115 0.217115
2915.315430 0.000000 1141.447754 0.000000 0.253828 0.000000 0.967249 0.225193 0.225193 0.225193
2912.808594 0.000000 1144.177124 0.000000 0.790619 0.000000 -0.612308 1.135614 1.135614 1.135614
2908.702637 0.000000 1148.351318 0.000000 0.113699 0.000000 -0.993515 1.541968 1.541968 1.541968
2957.261963 0.000000 1083.770020 0.000000 0.982035 0.000000 -0.188697 0.815166 0.815166 0.815166
2952.546631 0.000000 1082.396729 0.000000 0.967156 0.000000 -0.254183 0.815912 0.815912 0.815912
3007.260498 0.000000 1067.459717 0.000000 0.771282 0.000000 -0.636493 1.136227 1.136227 1.136227
2947.486572 0.000000 1079.632080 0.000000 0.999959 0.000000 -0.009069 0.804528 0.804528 0.804528
2954.524170 0.000000 1080.822144 0.000000 0.586671 0.000000 0.809826 0.385277 0.385277 0.385277
3003.367188 0.000000 1069.940063 0.000000 0.206701 0.000000 -0.978404 1.469471 1.469471 1.469471
2954.877197 0.000000 1083.300049 0.000000 0.984886 0.000000 -0.173204 0.859454 0.859454 0.859454
2955.212402 0.000000 1078.679688 0.000000 0.925188 0.000000 0.379510 0.601748 0.601748 0.601748
3005.518066 0.000000 1069.222656 0.000000 0.916895 0.000000 0.399128 0.590901 0.590901 0.590901
2951.964111 0.000000 1080.486694 0.000000 0.999886 0.000000 -0.015067 0.804303 0.804303 0.804303
2950.695801 0.000000 1074.649902 0.000000 0.989634 0.000000 0.143614 0.754811 0.754811 0.754811
3044.966797 0.000000 1085.179688 0.000000 0.999607 0.000000 0.028047 0.785714 0.785714 0.785714
3045.071289 0.000000 1078.528442 0.000000 0.763206 0.000000 -0.646155 1.139558 1.139558 1.139558
3044.386963 0.000000 1075.141724 0.000000 0.121522 0.000000 -0.992589 0.985212 0.985212 0.985212
3046.595703 0.000000 1083.468506 0.000000 0.437419 0.000000 -0.899258 0.976411 0.976411 0.976411
3043.085938 0.000000 1086.996216 0.000000 0.612936 0.000000 0.790132 0.638061 0.638061 0.638061
3047.175293 0.000000 1079.605103 0.000000 0.596532 0.000000 0.802590 0.325528 0.325528 0.325528
3007.741455 0.000000 1067.743774 0.000000 0.939502 0.000000 0.342543 0.629620 0.629620 0.629620
3041.372070 0.000000 1086.641968 0.000000 0.852051 0.000000 -0.523459 1.031061 1.031061 1.031061
3044.104980 0.000000 1080.233643 0.000000 0.920888 0.000000 0.389828 0.668836 0.668836 0.668836
3004.910889 0.000000 1123.886230 0.000000 0.715289 0.000000 -0.698828 0.812363 0.812363 0.812363
3007.260498 0.000000 1131.444092 0.000000 0.865529 0.000000 -0.500859 1.056695 1.056695 1.056695
2998.231445 0.000000 1129.494263 0.000000 0.847767 0.000000 -0.530369 0.873691 0.873691 0.873691
2996.884521 0.000000 1131.587646 0.000000 0.858465 0.000000 -0.512872 0.863458 0.863458 0.863458
3004.439209 0.000000 1129.410889 0.000000 0.195487 0.000000 -0.980706 1.036009 1.036009 1.036009
2960.538330 0.000000 1093.327759 0.000000 0.542647 0.000000 0.839961 0.564983 0.564983 0.564983
2962.101074 0.000000 1091.845825 0.000000 0.789083 0.000000 -0.614286 0.950609 0.950609 0.950609
3006.249023 0.000000 1129.935791 0.000000 0.517693 0.000000 0.855566 0.277135 0.277135 0.277135
3035.927002 0.000000 1125.065674 0.000000 0.979233 0.000000 0.202739 0.776759 0.776759 0.776759
3007.841797 0.000000 1129.008179 0.000000 0.613378 0.000000 -0.789790 1.263697 1.263697 1.263697
3007.741455 0.000000 1131.728149 0.000000 0.681968 0.000000 0.731382 0.398585 0.398585 0.398585
3013.966309 0.000000 1127.587280 0.000000 0.985788 0.000000 0.167995 0.759882 0.759882 0.759882
3011.445312 0.000000 1130.510498 0.000000 0.737195 0.000000 -0.675680 0.961508 0.961508 0.961508
3011.924316 0.000000 1124.222046 0.000000 0.924846 0.000000 0.380341 0.704931 0.704931 0.704931
3009.363281 0.000000 1126.040039 0.000000 0.997695 0.000000 -0.067862 0.826857 0.826857 0.826857
3012.200684 0.000000 1127.470459 0.000000 0.999793 0.000000 -0.020334 0.804833 0.804833 0.804833
3011.086670 0.000000 1125.865112 0.000000 0.998531 0.000000 0.054189 0.786790 0.786790 0.786790
3041.242188 0.000000 1088.256104 0.000000 0.961048 0.000000 0.276382 0.727853 0.727853 0.727853
3009.723389 0.000000 1129.131226 0.000000 0.998279 0.000000 -0.058636 0.829880 0.829880 0.829880
2890.820312 0.000000 1176.789917 0.000000 0.919823 0.000000 -0.392334 1.005331 1.005331 1.005331
2922.855957 0.000000 1173.498413 0.000000 0.953317 0.000000 -0.301972 0.956232 0.956232 0.956232
2924.282227 0.000000 1164.377319 0.000000 0.978304 0.000000 -0.207173 0.906282 0.906282 0.906282
2893.246826 0.000000 1172.502197 0.000000 0.777501 0.000000 0.628882 0.453620 0.453620 0.453620
2925.069336 0.000000 1177.588989 0.000000 0.667366 0.000000 0.744730 0.372125 0.372125 0.372125
2887.650879 0.000000 1177.840454 0.000000 0.528525 0.000000 0.848918 0.283607 0.283607 0.283607
2922.225830 0.000000 1179.155029 0.000000 0.598882 0.000000 -0.800837 1.272979 1.272979 1.272979
2885.094727 0.000000 1179.823608 0.000000 0.894862 0.000000 -0.446342 1.035638 1.035638 1.035638
2917.269043 0.000000 1175.317017 0.000000 0.999211 0.000000 0.039719 0.782305 0.782305 0.782305
2938.795898 0.000000 1202.445068 0.000000 0.086054 0.000000 0.996290 0.043881 0.043881 0.043881
2893.691406 0.000000 1176.281616 0.000000 0.998948 0.000000 -0.045864 0.823275 0.823275 0.823275
2888.256104 0.000000 1175.027100 0.000000 0.583853 0.000000 0.811859 0.359154 0.359154 0.359154
2890.865967 0.000000 1173.976196 0.000000 0.919647 0.000000 0.392745 0.599277 0.599277 0.599277
2922.555420 0.000000 1176.335693 0.000000 0.992399 0.000000 -0.123063 0.862835 0.862835 0.862835
2890.166016 0.000000 1179.555420 0.000000 0.233183 0.000000 -0.972433 1.349445 1.349445 1.349445
2923.887939 0.000000 1167.253906 0.000000 0.953013 0.000000 -0.302929 0.956743 0.956743 0.956743
2892.827637 0.000000 1178.784668 0.000000 0.989025 0.000000 0.147746 0.778972 0.778972 0.778972
2889.447998 0.000000 1183.132812 0.000000 0.261280 0.000000 -0.965263 1.379262 1.379262 1.379262
2914.861084 0.000000 1174.734619 0.000000 0.125049 0.000000 -0.992151 0.973211 0.973211 0.973211
2923.245605 0.000000 1182.366577 0.000000 0.989049 0.000000 -0.147586 0.875440 0.875440 0.875440
2933.832031 0.000000 1204.065430 0.000000 0.999726 0.000000 -0.023420 0.810619 0.810619 0.810619
2936.351807 0.000000 1201.567017 0.000000 0.102354 0.000000 0.994748 0.052220 0.052220 0.052220
2924.289551 0.000000 1180.127197 0.000000 0.962053 0.000000 -0.272862 0.940752 0.940752 0.940752
2930.307617 0.000000 1186.541504 0.000000 0.304993 0.000000 -0.952355 1.442153 1.442153 1.442153
2938.406494 0.000000 1204.639404 0.000000 0.276356 0.000000 0.961055 0.142603 0.142603 0.142603
2929.272705 0.000000 1189.257324 0.000000 0.588683 0.000000 0.808364 0.630788 0.630788 0.630788
2916.397461 0.000000 1173.367065 0.000000 0.407288 0.000000 -0.913300 1.115024 1.115024 1.115024
2894.342285 0.000000 1174.311646 0.000000 0.999495 0.000000 0.031779 0.790478 0.790478 0.790478
2883.719238 0.000000 1182.852173 0.000000 0.447912 0.000000 -0.894077 1.096097 1.096097 1.096097
2934.596680 0.000000 1202.359985 0.000000 0.377858 0.000000 -0.925864 1.402657 1.402657 1.402657
2932.416504 0.000000 1205.266724 0.000000 0.234194 0.000000 -0.972190 1.404984 1.404984 1.404984
2889.889404 0.000000 1181.358765 0.000000 0.528279 0.000000 0.849071 0.283460 0.283460 0.283460
2890.269043 0.000000 1172.195923 0.000000 0.884851 0.000000 0.465874 0.558991 0.558991 0.558991
2892.573486 0.000000 1174.800171 0.000000 0.883931 0.000000 0.467617 0.552180 0.552180 0.552180
2888.942871 0.000000 1176.649170 0.000000 0.924463 0.000000 0.381272 0.600778 0.600778 0.600778
2938.655029 0.000000 1200.570068 0.000000 0.340261 0.000000 -0.940331 1.288765 1.288765 1.288765
2886.815186 0.000000 1179.401855 0.000000 0.999996 0.000000 -0.002814 0.801433 0.801433 0.801433
2925.111084 0.000000 1170.526978 0.000000 0.988204 0.000000 0.153143 0.763766 0.763766 0.763766
2918.955322 0.000000 1175.703247 0.000000 0.998203 0.000000 -0.059931 0.816408 0.816408 0.816408
2938.051270 0.000000 1191.830688 0.000000 0.142439 0.000000 -0.989804 1.162179 1.162179 1.162179
2925.377197 0.000000 1183.801392 0.000000 0.208283 0.000000 -0.978069 1.493140 1.493140 1.493140
2924.345459 0.000000 1168.905029 0.000000 0.396851 0.000000 0.917883 0.231057 0.231057 0.231057
2940.367432 0.000000 1201.728027 0.000000 0.602230 0.000000 -0.798323 1.130516 1.130516 1.130516
2922.542725 0.000000 1180.807617 0.000000 0.966451 0.000000 -0.256853 0.932297 0.932297 0.932297
2923.335449 0.000000 1177.865112 0.000000 0.893027 0.000000 -0.450003 1.037723 1.037723 1.037723
2940.210449 0.000000 1203.497681 0.000000 0.744081 0.000000 -0.668089 1.172620 1.172620 1.172620
2895.140381 0.000000 1172.838623 0.000000 0.560419 0.000000 -0.828209 1.059232 1.059232 1.059232
2923.746826 0.000000 1172.060303 0.000000 0.956968 0.000000 0.290194 0.650048 0.650048 0.650048
2886.616699 0.000000 1176.528198 0.000000 0.911813 0.000000 0.410605 0.584508 0.584508 0.584508
2884.369629 0.000000 1181.327515 0.000000 0.652472 0.000000 0.757813 0.362029 0.362029 0.362029
2888.437744 0.000000 1179.311523 0.000000 0.169292 0.000000 0.985566 0.086637 0.086637 0.086637
2919.238037 0.000000 1171.069092 0.000000 0.197444 0.000000 -0.980314 1.317917 1.317917 1.317917
2925.523926 0.000000 1167.509399 0.000000 0.123035 0.000000 0.992402 0.062820 0.062820 0.062820
2918.514160 0.000000 1174.107788 0.000000 0.157603 0.000000 0.987503 0.413500 0.413500 0.413500
2889.991699 0.000000 1175.345703 0.000000 0.958479 0.000000 0.285164 0.665430 0.665430 0.665430
2924.970215 0.000000 1165.969238 0.000000 0.738404 0.000000 0.674359 0.423072 0.423072 0.423072
2993.069580 0.000000 1196.224243 0.000000 0.527525 0.000000 -0.849540 0.864878 0.864878 0.864878
2982.514893 0.000000 1160.578979 0.000000 0.836954 0.000000 -0.547273 0.838168 0.838168 0.838168
2978.838867 0.000000 1159.605103 0.000000 0.968501 0.000000 0.249008 0.782408 0.782408 0.782408
2994.509277 0.000000 1199.967529 0.000000 0.762981 0.000000 0.646421 0.442024 0.442024 0.442024
2994.270020 0.000000 1197.923706 0.000000 0.828888 0.000000 -0.559414 0.966001 0.966001 0.966001
2994.889404 0.000000 1195.331177 0.000000 0.756186 0.000000 0.654357 0.673202 0.673202 0.673202
3033.228516 0.000000 1159.032837 0.000000 0.699149 0.000000 -0.714976 0.874776 0.874776 0.874776
2969.099121 0.000000 1217.365601 0.000000 0.322375 0.000000 0.946612 0.167170 0.167170 0.167170
2970.666992 0.000000 1220.250244 0.000000 0.590735 0.000000 -0.806865 0.869377 0.869377 0.869377
2964.846436 0.000000 1221.570435 0.000000 0.772141 0.000000 0.635451 0.480934 0.480934 0.480934
2968.650146 0.000000 1219.488037 0.000000 0.445079 0.000000 0.895491 0.234919 0.234919 0.234919
2971.171143 0.000000 1218.180176 0.000000 0.906264 0.000000 -0.422712 0.879322 0.879322 0.879322
2968.986816 0.000000 1221.248413 0.000000 0.971758 0.000000 -0.235980 0.882312 0.882312 0.882312
2963.750488 0.000000 1222.981689 0.000000 0.350539 0.000000 0.936548 0.308344 0.308344 0.308344
2964.290771 0.000000 1217.557861 0.000000 0.919234 0.000000 -0.393711 1.006094 1.006094 1.006094
2967.714600 0.000000 1223.845093 0.000000 0.954302 0.000000 0.298845 0.724234 0.724234 0.724234
2965.697510 0.000000 1220.050171 0.000000 0.415458 0.000000 -0.909612 1.329318 1.329318 1.329318
3080.062744 0.000000 1127.659912 0.000000 0.796217 0.000000 0.605011 0.761067 0.761067 0.761067
3096.010254 0.000000 1130.743652 0.000000 0.473409 0.000000 -0.880843 1.232613 1.232613 1.232613
3090.859131 0.000000 1133.298828 0.000000 0.956233 0.000000 -0.292607 0.951236 0.951236 0.951236
3075.470947 0.000000 1143.616455 0.000000 0.469917 0.000000 -0.882711 1.201799 1.201799 1.201799
3089.249268 0.000000 1135.043701 0.000000 0.823052 0.000000 -0.567967 1.107632 1.107632 1.107632
3095.013428 0.000000 1126.028687 0.000000 0.997589 0.000000 0.069396 0.775309 0.775309 0.775309
3092.157959 0.000000 1128.003296 0.000000 0.223385 0.000000 -0.974730 1.485263 1.485263 1.485263
3095.913086 0.000000 1133.119873 0.000000 0.448003 0.000000 -0.894032 1.275038 1.275038 1.275038
3086.829834 0.000000 1145.416992 0.000000 0.910634 0.000000 0.413213 0.634097 0.634097 0.634097
3092.783936 0.000000 1134.285156 0.000000 0.827000 0.000000 0.562201 0.513814 0.513814 0.513814
3081.122803 0.000000 1129.477417 0.000000 0.187036 0.000000 -0.982353 1.012635 1.012635 1.012635
3097.715332 0.000000 1131.922363 0.000000 0.932912 0.000000 -0.360105 0.947885 0.947885 0.947885
3087.833740 0.000000 1143.570679 0.000000 0.406824 0.000000 -0.913507 1.085257 1.085257 1.085257
3096.841309 0.000000 1129.015259 0.000000 0.908712 0.000000 0.417424 0.580693 0.580693 0.580693
3091.692627 0.000000 1131.546875 0.000000 0.504277 0.000000 0.863542 0.269186 0.269186 0.269186
3093.034424 0.000000 1126.346069 0.000000 0.600760 0.000000 -0.799429 1.099721 1.099721 1.099721
3094.344727 0.000000 1130.872803 0.000000 0.820496 0.000000 0.571652 0.490084 0.490084 0.490084
3231.812988 0.000000 1151.483643 0.000000 0.597657 0.000000 -0.801752 0.872457 0.872457 0.872457
3244.996582 0.000000 1134.128296 0.000000 0.448766 0.000000 -0.893649 1.362982 1.362982 1.362982
3244.904541 0.000000 1137.172852 0.000000 0.459336 0.000000 -0.888263 1.335099 1.335099 1.335099
3219.734131 0.000000 1144.200195 0.000000 0.087876 0.000000 0.996131 0.610463 0.610463 0.610463
3236.071289 0.000000 1127.480713 0.000000 0.101631 0.000000 0.994822 0.051850 0.051850 0.051850
3225.421631 0.000000 1150.834351 0.000000 0.054044 0.000000 -0.998539 1.572462 1.572462 1.572462
3242.987549 0.000000 1132.687988 0.000000 0.439459 0.000000 0.898263 0.661832 0.661832 0.661832
3227.786377 0.000000 1131.735474 0.000000 0.991342 0.000000 0.131306 0.732933 0.732933 0.732933
3245.509277 0.000000 1148.241211 0.000000 0.334693 0.000000 0.942327 0.173812 0.173812 0.173812
3235.062500 0.000000 1150.980591 0.000000 0.062342 0.000000 -0.998055 1.568229 1.568229 1.568229
3218.212646 0.000000 1147.130371 0.000000 0.712655 0.000000 0.701514 0.404012 0.404012 0.404012
3246.872070 0.000000 1138.197266 0.000000 0.922654 0.000000 -0.385629 1.001625 1.001625 1.001625
3247.303467 0.000000 1140.965576 0.000000 0.559691 0.000000 0.828701 0.302528 0.302528 0.302528
3237.681641 0.000000 1125.897217 0.000000 0.490272 0.000000 0.871570 0.569589 0.569589 0.569589
3232.366699 0.000000 1132.563721 0.000000 0.796520 0.000000 0.604612 0.691072 0.691072 0.691072
3225.699707 0.000000 1131.922363 0.000000 0.688430 0.000000 -0.725303 0.941002 0.941002 0.941002
3246.199951 0.000000 1144.904541 0.000000 0.915717 0.000000 -0.401824 1.010598 1.010598 1.010598
3228.168457 0.000000 1138.238525 0.000000 0.016838 0.000000 -0.999858 1.315202 1.315202 1.315202
3245.947998 0.000000 1135.697510 0.000000 0.420688 0.000000 0.907205 0.221138 0.221138 0.221138
3243.967285 0.000000 1135.692383 0.000000 0.305977 0.000000 0.952039 0.158373 0.158373 0.158373
3233.348633 0.000000 1150.626343 0.000000 0.649685 0.000000 -0.760203 1.217418 1.217418 1.217418
3238.236328 0.000000 1150.207520 0.000000 0.636755 0.000000 0.771066 0.351558 0.351558 0.351558
3241.887939 0.000000 1133.936646 0.000000 0.999988 0.000000 0.004950 0.798240 0.798240 0.798240
3234.478760 0.000000 1133.405396 0.000000 0.921627 0.000000 -0.388077 0.981485 0.981485 0.981485
3211.712891 0.000000 1157.325073 0.000000 0.960594 0.000000 -0.277954 0.943450 0.943450 0.943450
3218.350098 0.000000 1157.761719 0.000000 0.817126 0.000000 0.576459 0.547221 0.547221 0.547221
3239.039551 0.000000 1151.772583 0.000000 0.298647 0.000000 -0.954364 1.445543 1.445543 1.445543
3253.331543 0.000000 1154.761719 0.000000 0.415528 0.000000 -0.909581 0.923195 0.923195 0.923195
3214.157471 0.000000 1156.980225 0.000000 0.892298 0.000000 0.451447 0.561453 0.561453 0.561453
3245.214111 0.000000 1159.139404 0.000000 0.972784 0.000000 -0.231715 0.825687 0.825687 0.825687
3211.888916 0.000000 1154.760498 0.000000 0.096768 0.000000 -0.995307 1.550639 1.550639 1.550639
3237.603516 0.000000 1162.855591 0.000000 0.407615 0.000000 -0.913154 0.963210 0.963210 0.963210
3232.914062 0.000000 1163.797852 0.000000 0.899225 0.000000 0.437487 0.740313 0.740313 0.740313
3236.347900 0.000000 1161.069214 0.000000 0.019075 0.000000 0.999818 0.102690 0.102690 0.102690
3255.656006 0.000000 1154.279297 0.000000 0.385086 0.000000 -0.922881 1.152162 1.152162 1.152162
3217.500000 0.000000 1159.892822 0.000000 0.338703 0.000000 0.940893 0.175981 0.175981 0.175981
3216.507080 0.000000 1157.312134 0.000000 0.792404 0.000000 0.609996 0.465873 0.465873 0.465873
3221.052246 0.000000 1161.424194 0.000000 0.658420 0.000000 -0.752650 1.055271 1.055271 1.055271
3219.719238 0.000000 1158.997314 0.000000 0.397160 0.000000 -0.917749 1.391993 1.391993 1.391993
3237.173828 0.000000 1159.364624 0.000000 0.142262 0.000000 -0.989829 1.259197 1.259197 1.259197
3171.140137 0.000000 1354.816772 0.000000 0.985396 0.000000 0.170277 0.797266 0.797266 0.797266
3139.874756 0.000000 1391.032959 0.000000 0.023336 0.000000 -0.999728 1.588114 1.588114 1.588114
3149.601074 0.000000 1393.331421 0.000000 0.742946 0.000000 -0.669351 1.173484 1.173484 1.173484
3171.906250 0.000000 1360.221924 0.000000 0.870606 0.000000 -0.491981 1.061963 1.061963 1.061963
3166.694580 0.000000 1355.084229 0.000000 0.965784 0.000000 -0.259348 0.813623 0.813623 0.813623
3147.675781 0.000000 1389.325928 0.000000 0.393747 0.000000 -0.919219 1.393885 1.393885 1.393885
3168.279785 0.000000 1359.075439 0.000000 0.878627 0.000000 0.477509 0.546464 0.546464 0.546464
3147.217773 0.000000 1385.252686 0.000000 0.190724 0.000000 -0.981644 1.502266 1.502266 1.502266
3148.125732 0.000000 1396.561401 0.000000 0.219276 0.000000 0.975663 0.112591 0.112591 0.112591
3140.885986 0.000000 1385.346069 0.000000 0.965549 0.000000 0.260223 0.665926 0.665926 0.665926
3149.238525 0.000000 1403.691895 0.000000 0.675593 0.000000 0.737274 0.420830 0.420830 0.420830
3143.200195 0.000000 1390.320312 0.000000 0.992242 0.000000 0.124323 0.736518 0.736518 0.736518
3149.645020 0.000000 1387.053223 0.000000 0.992635 0.000000 -0.121147 0.852877 0.852877 0.852877
3146.763184 0.000000 1392.171997 0.000000 0.690634 0.000000 0.723205 0.388269 0.388269 0.388269
3157.862549 0.000000 1366.873657 0.000000 0.930754 0.000000 -0.365645 0.832895 0.832895 0.832895
3148.786865 0.000000 1379.274780 0.000000 0.603360 0.000000 0.797469 0.687539 0.687539 0.687539
3140.301758 0.000000 1388.192871 0.000000 0.248049 0.000000 0.968747 0.127663 0.127663 0.127663
3169.500488 0.000000 1361.706543 0.000000 0.967058 0.000000 0.254556 0.668913 0.668913 0.668913
3149.905762 0.000000 1390.713501 0.000000 0.673135 0.000000 0.739520 0.376084 0.376084 0.376084
3171.769043 0.000000 1363.029541 0.000000 0.673246 0.000000 -0.739418 1.135747 1.135747 1.135747
3170.435059 0.000000 1357.669189 0.000000 0.516840 0.000000 0.856082 0.689168 0.689168 0.689168
3166.340332 0.000000 1360.817383 0.000000 0.078987 0.000000 0.996876 0.230947 0.230947 0.230947
3151.833252 0.000000 1403.300537 0.000000 0.216021 0.000000 0.976389 0.224393 0.224393 0.224393
3151.281738 0.000000 1395.372681 0.000000 0.920478 0.000000 0.390795 0.635615 0.635615 0.635615
3138.109375 0.000000 1389.138794 0.000000 0.992250 0.000000 -0.124255 0.863446 0.863446 0.863446
3175.590820 0.000000 1358.157959 0.000000 0.999039 0.000000 -0.043821 0.805953 0.805953 0.805953
3145.209473 0.000000 1389.071045 0.000000 0.220683 0.000000 0.975345 0.113326 0.113326 0.113326
3167.552979 0.000000 1362.934570 0.000000 0.053374 0.000000 -0.998575 1.027295 1.027295 1.027295
3147.188965 0.000000 1398.601562 0.000000 0.356983 0.000000 0.934111 0.373750 0.373750 0.373750
3146.589355 0.000000 1387.346558 0.000000 0.996313 0.000000 0.085790 0.756254 0.756254 0.756254
3147.643311 0.000000 1394.238159 0.000000 0.228637 0.000000 0.973512 0.168337 0.168337 0.168337
3150.822021 0.000000 1401.354492 0.000000 0.681152 0.000000 0.732142 0.517807 0.517807 0.517807
3141.918213 0.000000 1392.051147 0.000000 0.858320 0.000000 0.513114 0.645037 0.645037 0.645037
3145.114990 0.000000 1385.414917 0.000000 0.286466 0.000000 0.958090 0.147969 0.147969 0.147969
3146.222900 0.000000 1383.446289 0.000000 0.272336 0.000000 0.962202 0.520671 0.520671 0.520671
3144.861328 0.000000 1391.474487 0.000000 0.838207 0.000000 -0.545352 1.093766 1.093766 1.093766
3142.338379 0.000000 1388.491699 0.000000 0.791494 0.000000 0.611177 0.465114 0.465114 0.465114
3141.950684 0.000000 1383.524780 0.000000 0.264691 0.000000 -0.964333 1.237174 1.237174 1.237174
3173.986084 0.000000 1359.364258 0.000000 0.943866 0.000000 0.330330 0.660146 0.660146 0.660146
3143.110596 0.000000 1385.338989 0.000000 0.310944 0.000000 -0.950428 1.438968 1.438968 1.438968
3149.079346 0.000000 1384.739258 0.000000 0.101230 0.000000 -0.994863 1.281295 1.281295 1.281295
3148.132324 0.000000 1401.812378 0.000000 0.633266 0.000000 0.773935 0.349257 0.349257 0.349257
3151.825928 0.000000 1399.508179 0.000000 0.788417 0.000000 -0.615141 1.047457 1.047457 1.047457
3170.067383 0.000000 1359.732910 0.000000 0.798673 0.000000 0.601766 0.471143 0.471143 0.471143
3149.386230 0.000000 1395.184204 0.000000 0.774881 0.000000 0.632107 0.451505 0.451505 0.451505
3151.519043 0.000000 1391.747803 0.000000 0.995861 0.000000 0.090889 0.776732 0.776732 0.776732
3149.005127 0.000000 1398.244995 0.000000 0.913756 0.000000 -0.406263 1.013069 1.013069 1.013069
3139.429688 0.000000 1386.447998 0.000000 0.985371 0.000000 0.170421 0.712779 0.712779 0.712779
3141.364990 0.000000 1390.002197 0.000000 0.139453 0.000000 -0.990229 1.528745 1.528745 1.528745
3150.346680 0.000000 1405.120483 0.000000 0.195260 0.000000 0.980752 0.374563 0.374563 0.374563
3149.599365 0.000000 1380.827393 0.000000 0.408329 0.000000 0.912835 0.522042 0.522042 0.522042
3142.001465 0.000000 1386.710205 0.000000 0.744900 0.000000 -0.667176 1.171996 1.171996 1.171996
3146.160156 0.000000 1397.211426 0.000000 0.159459 0.000000 0.987205 0.329492 0.329492 0.329492
3137.798096 0.000000 1390.830566 0.000000 0.996674 0.000000 -0.081496 0.824931 0.824931 0.824931
3142.672363 0.000000 1394.571777 0.000000 0.240251 0.000000 0.970711 0.388835 0.388835 0.388835
3148.302490 0.000000 1391.356567 0.000000 0.522449 0.000000 -0.852670 1.320030 1.320030 1.320030
3140.185059 0.000000 1383.407959 0.000000 0.835685 0.000000 0.549210 0.604913 0.604913 0.604913
3145.931641 0.000000 1393.728394 0.000000 0.617244 0.000000 0.786772 0.338801 0.338801 0.338801
3142.696045 0.000000 1397.940674 0.000000 0.209175 0.000000 0.977878 0.474035 0.474035 0.474035
3146.370605 0.000000 1390.533813 0.000000 0.950218 0.000000 0.311585 0.638624 0.638624 0.638624
3153.215332 0.000000 1406.938721 0.000000 0.811087 0.000000 0.584926 0.481798 0.481798 0.481798
3137.707764 0.000000 1385.068726 0.000000 0.906396 0.000000 0.422428 0.617952 0.617952 0.617952
3167.949951 0.000000 1361.256226 0.000000 0.970874 0.000000 -0.239590 0.892295 0.892295 0.892295
3171.943359 0.000000 1358.574219 0.000000 1.000000 0.000000 0.000613 0.799688 0.799688 0.799688
3149.732666 0.000000 1396.767822 0.000000 0.828753 0.000000 0.559614 0.497519 0.497519 0.497519
3238.095947 0.000000 1300.361084 0.000000 0.999362 0.000000 -0.035707 0.801498 0.801498 0.801498
3239.844482 0.000000 1291.722534 0.000000 0.977891 0.000000 -0.209115 0.807994 0.807994 0.807994
3231.111084 0.000000 1288.279663 0.000000 0.894323 0.000000 0.447422 0.755529 0.755529 0.755529
3230.332520 0.000000 1296.833008 0.000000 0.878029 0.000000 -0.478608 0.996361 0.996361 0.996361
3230.321045 0.000000 1293.508667 0.000000 0.258271 0.000000 0.966073 0.133044 0.133044 0.133044
3225.329346 0.000000 1299.926514 0.000000 0.268085 0.000000 -0.963395 0.994640 0.994640 0.994640
3228.390625 0.000000 1292.941772 0.000000 0.136063 0.000000 0.990700 0.493481 0.493481 0.493481
3226.176758 0.000000 1296.005493 0.000000 0.924487 0.000000 0.381213 0.714075 0.714075 0.714075
3237.173828 0.000000 1287.333374 0.000000 0.861695 0.000000 -0.507426 1.010458 1.010458 1.010458
3236.331055 0.000000 1283.788574 0.000000 0.842996 0.000000 0.537919 0.671817 0.671817 0.671817
3232.110352 0.000000 1293.338501 0.000000 0.872227 0.000000 -0.489101 1.010265 1.010265 1.010265
3236.792969 0.000000 1297.705322 0.000000 0.281493 0.000000 0.959563 0.463678 0.463678 0.463678
3239.198975 0.000000 1299.037842 0.000000 0.207329 0.000000 -0.978271 1.156339 1.156339 1.156339
3231.942139 0.000000 1297.271851 0.000000 0.587502 0.000000 -0.809222 1.170961 1.170961 1.170961
3290.930420 0.000000 1291.580078 0.000000 0.651766 0.000000 -0.758420 0.853301 0.853301 0.853301
3265.236084 0.000000 1333.407104 0.000000 0.954347 0.000000 0.298699 0.764257 0.764257 0.764257
3280.643311 0.000000 1299.924927 0.000000 0.913901 0.000000 -0.405937 0.846752 0.846752 0.846752
3265.567627 0.000000 1328.585205 0.000000 0.339084 0.000000 -0.940756 1.247677 1.247677 1.247677
3282.800049 0.000000 1295.440674 0.000000 0.863846 0.000000 -0.503756 0.854830 0.854830 0.854830
3282.721436 0.000000 1299.034790 0.000000 0.354613 0.000000 -0.935013 1.036499 1.036499 1.036499
3269.902588 0.000000 1328.066772 0.000000 0.208796 0.000000 -0.977959 1.272784 1.272784 1.272784
3292.382812 0.000000 1292.941772 0.000000 0.567396 0.000000 -0.823445 1.016411 1.016411 1.016411
3267.230957 0.000000 1337.607178 0.000000 0.619411 0.000000 -0.785067 1.052436 1.052436 1.052436
3267.355225 0.000000 1329.026245 0.000000 0.513916 0.000000 0.857841 0.375793 0.375793 0.375793
3282.543213 0.000000 1297.072754 0.000000 0.446006 0.000000 0.895030 0.467910 0.467910 0.467910
3268.774902 0.000000 1336.604980 0.000000 0.633806 0.000000 -0.773492 1.091427 1.091427 1.091427
3153.147217 0.000000 1407.661987 0.000000 0.994567 0.000000 0.104097 0.746888 0.746888 0.746888
3155.980957 0.000000 1411.286865 0.000000 0.071261 0.000000 0.997458 0.036324 0.036324 0.036324
3136.149170 0.000000 1407.806152 0.000000 0.783887 0.000000 0.620904 0.745144 0.745144 0.745144
3154.024658 0.000000 1409.818237 0.000000 0.267044 0.000000 0.963684 0.337671 0.337671 0.337671
3155.036133 0.000000 1408.127441 0.000000 0.997116 0.000000 0.075893 0.772993 0.772993 0.772993
3152.125977 0.000000 1409.495239 0.000000 0.137875 0.000000 -0.990450 1.274927 1.274927 1.274927
3154.077637 0.000000 1411.767700 0.000000 0.628768 0.000000 -0.777593 1.253695 1.253695 1.253695
3311.844482 0.000000 1455.855225 0.000000 0.934503 0.000000 0.355956 0.787643 0.787643 0.787643
3316.110840 0.000000 1458.201904 0.000000 0.926377 0.000000 0.376599 0.780721 0.780721 0.780721
3312.876953 0.000000 1459.212891 0.000000 0.594699 0.000000 -0.803948 0.861553 0.861553 0.861553
3317.590332 0.000000 1444.660767 0.000000 0.974182 0.000000 -0.225765 0.829564 0.829564 0.829564
3313.236816 0.000000 1457.317017 0.000000 0.363183 0.000000 -0.931718 1.159238 1.159238 1.159238
3352.879150 0.000000 1361.624268 0.000000 0.990783 0.000000 0.135460 0.730798 0.730798 0.730798
3350.581787 0.000000 1363.709473 0.000000 0.957715 0.000000 0.287718 0.651365 0.651365 0.651365
3353.397705 0.000000 1358.205444 0.000000 0.675367 0.000000 -0.737482 1.222376 1.222376 1.222376
3332.278320 0.000000 1388.192871 0.000000 0.228520 0.000000 0.973539 0.660808 0.660808 0.660808
3350.716553 0.000000 1360.460571 0.000000 0.676612 0.000000 -0.736340 1.204986 1.204986 1.204986
3330.085938 0.000000 1389.138794 0.000000 0.992357 0.000000 -0.123404 0.821003 0.821003 0.821003
3353.313721 0.000000 1363.910889 0.000000 0.980668 0.000000 0.195678 0.734703 0.734703 0.734703
3365.666016 0.000000 1381.834717 0.000000 0.951173 0.000000 -0.308658 0.846376 0.846376 0.846376
3343.982422 0.000000 1356.199951 0.000000 0.926255 0.000000 -0.376898 0.948190 0.948190 0.948190
3344.828613 0.000000 1358.718262 0.000000 0.792033 0.000000 0.610478 0.662291 0.662291 0.662291
3335.087158 0.000000 1385.338989 0.000000 0.051973 0.000000 -0.998649 1.297479 1.297479 1.297479
3331.347412 0.000000 1393.010620 0.000000 0.990649 0.000000 0.136437 0.771298 0.771298 0.771298
3352.343018 0.000000 1359.668213 0.000000 0.702018 0.000000 0.712159 0.396348 0.396348 0.396348
3349.283447 0.000000 1365.179810 0.000000 0.854893 0.000000 -0.518804 0.914387 0.914387 0.914387
3351.019287 0.000000 1365.368164 0.000000 0.278114 0.000000 -0.960548 1.410126 1.410126 1.410126
3340.761963 0.000000 1362.794678 0.000000 0.369905 0.000000 0.929070 0.404839 0.404839 0.404839
3356.809326 0.000000 1371.650757 0.000000 0.557892 0.000000 0.829913 0.561465 0.561465 0.561465
3344.491455 0.000000 1413.249634 0.000000 0.956245 0.000000 0.292566 0.690888 0.690888 0.690888
"}
