object={
	name="tree_sakura_03_generator_0"
	render_pass=Map
	clamp_to_water_level=no
	generated_content=yes
	layer="tree_high_layer"
	pdxmesh="tree_sakura_03_mesh"
	count=143
	transform="7916.434570 0.000000 2628.656250 0.000000 0.704696 0.000000 0.709509 1.000000 1.000000 1.000000
7918.378906 0.000000 2629.986328 0.000000 0.951914 0.000000 0.306365 1.000000 1.000000 1.000000
7910.929688 0.000000 2707.968994 0.000000 0.485787 0.000000 0.874077 1.000000 1.000000 1.000000
7906.679688 0.000000 2701.462646 0.000000 0.286411 0.000000 0.958107 1.000000 1.000000 1.000000
7916.434570 0.000000 2700.640625 0.000000 0.561486 0.000000 -0.827486 1.000000 1.000000 1.000000
7905.874512 0.000000 2694.582520 0.000000 0.998736 0.000000 -0.050257 1.000000 1.000000 1.000000
7904.632812 0.000000 2697.780029 0.000000 0.841391 0.000000 0.540426 1.000000 1.000000 1.000000
7915.547363 0.000000 2710.309326 0.000000 0.988964 0.000000 -0.148157 1.000000 1.000000 1.000000
7907.971680 0.000000 2702.988525 0.000000 0.411083 0.000000 0.911598 1.000000 1.000000 1.000000
7906.061035 0.000000 2703.197021 0.000000 0.827068 0.000000 0.562101 1.000000 1.000000 1.000000
7904.973145 0.000000 2700.789307 0.000000 0.539846 0.000000 0.841764 1.000000 1.000000 1.000000
7919.943359 0.000000 2629.875000 0.000000 0.990892 0.000000 -0.134660 1.000000 1.000000 1.000000
7945.557129 0.000000 2597.403809 0.000000 0.293404 0.000000 0.955988 1.000000 1.000000 1.000000
7922.248047 0.000000 2624.673584 0.000000 0.019656 0.000000 -0.999807 1.000000 1.000000 1.000000
7936.895996 0.000000 2632.949463 0.000000 0.874028 0.000000 0.485875 1.000000 1.000000 1.000000
7932.396973 0.000000 2628.751953 0.000000 0.989271 0.000000 0.146093 1.000000 1.000000 1.000000
7921.716309 0.000000 2627.356445 0.000000 0.086326 0.000000 -0.996267 1.000000 1.000000 1.000000
7940.649902 0.000000 2613.204102 0.000000 0.976489 0.000000 0.215568 1.000000 1.000000 1.000000
7948.075195 0.000000 2614.207275 0.000000 0.986011 0.000000 -0.166680 1.000000 1.000000 1.000000
7947.157227 0.000000 2609.517334 0.000000 0.934874 0.000000 -0.354979 1.000000 1.000000 1.000000
7919.884277 0.000000 2628.072266 0.000000 0.868230 0.000000 -0.496163 1.000000 1.000000 1.000000
7946.525879 0.000000 2614.856689 0.000000 0.160827 0.000000 0.986983 1.000000 1.000000 1.000000
7954.625488 0.000000 2630.601807 0.000000 0.464831 0.000000 0.885400 1.000000 1.000000 1.000000
7949.458008 0.000000 2614.444092 0.000000 0.156397 0.000000 0.987694 1.000000 1.000000 1.000000
7948.432129 0.000000 2615.626709 0.000000 0.132256 0.000000 0.991216 1.000000 1.000000 1.000000
7919.943359 0.000000 2701.859375 0.000000 0.415707 0.000000 -0.909499 1.000000 1.000000 1.000000
7925.049805 0.000000 2706.209473 0.000000 0.960432 0.000000 0.278515 1.000000 1.000000 1.000000
7947.780762 0.000000 2665.292725 0.000000 0.486490 0.000000 -0.873686 1.000000 1.000000 1.000000
7919.224609 0.000000 2698.382812 0.000000 0.960435 0.000000 0.278503 1.000000 1.000000 1.000000
7922.299805 0.000000 2708.358154 0.000000 0.240946 0.000000 -0.970538 1.000000 1.000000 1.000000
7947.935547 0.000000 2671.650879 0.000000 0.170210 0.000000 0.985408 1.000000 1.000000 1.000000
7921.716309 0.000000 2699.340820 0.000000 0.035077 0.000000 0.999385 1.000000 1.000000 1.000000
7923.332031 0.000000 2711.362793 0.000000 0.720439 0.000000 0.693518 1.000000 1.000000 1.000000
7946.005859 0.000000 2671.456543 0.000000 0.863497 0.000000 0.504354 1.000000 1.000000 1.000000
7949.658691 0.000000 2670.882324 0.000000 0.972067 0.000000 -0.234704 1.000000 1.000000 1.000000
8029.665039 0.000000 2732.221436 0.000000 0.882281 0.000000 0.470724 1.000000 1.000000 1.000000
8035.267090 0.000000 2718.208496 0.000000 0.602427 0.000000 -0.798174 1.000000 1.000000 1.000000
8027.361816 0.000000 2735.142090 0.000000 0.473387 0.000000 0.880855 1.000000 1.000000 1.000000
8033.133301 0.000000 2732.532715 0.000000 0.998429 0.000000 -0.056039 1.000000 1.000000 1.000000
8033.250977 0.000000 2725.049805 0.000000 0.778843 0.000000 0.627218 1.000000 1.000000 1.000000
8031.607910 0.000000 2730.020752 0.000000 0.874141 0.000000 0.485672 1.000000 1.000000 1.000000
8034.966309 0.000000 2730.607422 0.000000 0.453992 0.000000 0.891006 1.000000 1.000000 1.000000
8034.123535 0.000000 2708.784912 0.000000 0.961331 0.000000 0.275396 1.000000 1.000000 1.000000
8028.722168 0.000000 2711.639893 0.000000 0.258772 0.000000 0.965938 1.000000 1.000000 1.000000
8034.526367 0.000000 2733.812012 0.000000 0.644223 0.000000 -0.764838 1.000000 1.000000 1.000000
8029.839355 0.000000 2730.310303 0.000000 0.999990 0.000000 0.004551 1.000000 1.000000 1.000000
8033.484863 0.000000 2718.513428 0.000000 0.958236 0.000000 -0.285979 1.000000 1.000000 1.000000
8035.072754 0.000000 2732.215088 0.000000 0.989059 0.000000 -0.147520 1.000000 1.000000 1.000000
8031.834961 0.000000 2711.777100 0.000000 0.999359 0.000000 0.035793 1.000000 1.000000 1.000000
8028.857910 0.000000 2731.159424 0.000000 0.362605 0.000000 0.931943 1.000000 1.000000 1.000000
7953.677246 0.000000 2790.158447 0.000000 0.999675 0.000000 0.025492 1.000000 1.000000 1.000000
7940.778809 0.000000 2786.667725 0.000000 0.740778 0.000000 -0.671750 1.000000 1.000000 1.000000
7941.774414 0.000000 2784.784424 0.000000 0.100012 0.000000 -0.994986 1.000000 1.000000 1.000000
7955.569824 0.000000 2789.444092 0.000000 0.865188 0.000000 0.501447 1.000000 1.000000 1.000000
7949.588379 0.000000 2789.216553 0.000000 0.297093 0.000000 0.954848 1.000000 1.000000 1.000000
7953.166992 0.000000 2788.621826 0.000000 0.597642 0.000000 -0.801763 1.000000 1.000000 1.000000
7953.324219 0.000000 2786.947510 0.000000 0.975835 0.000000 0.218509 1.000000 1.000000 1.000000
7952.007812 0.000000 2788.760010 0.000000 0.624720 0.000000 0.780849 1.000000 1.000000 1.000000
7952.578125 0.000000 2789.751709 0.000000 0.039351 0.000000 0.999225 1.000000 1.000000 1.000000
8054.026367 0.000000 2740.530029 0.000000 0.770009 0.000000 -0.638033 1.000000 1.000000 1.000000
8006.456055 0.000000 2802.930908 0.000000 0.968059 0.000000 -0.250721 1.000000 1.000000 1.000000
8027.780273 0.000000 2737.437988 0.000000 0.000430 0.000000 -1.000000 1.000000 1.000000 1.000000
8000.783203 0.000000 2806.394287 0.000000 0.968299 0.000000 -0.249795 1.000000 1.000000 1.000000
8004.889160 0.000000 2804.431152 0.000000 0.917551 0.000000 0.397618 1.000000 1.000000 1.000000
8014.960449 0.000000 2804.090576 0.000000 0.532050 0.000000 -0.846713 1.000000 1.000000 1.000000
8001.198242 0.000000 2803.464600 0.000000 0.959814 0.000000 -0.280638 1.000000 1.000000 1.000000
7999.234863 0.000000 2802.297852 0.000000 0.721727 0.000000 -0.692178 1.000000 1.000000 1.000000
8007.727539 0.000000 2804.537598 0.000000 0.580678 0.000000 -0.814134 1.000000 1.000000 1.000000
8000.763672 0.000000 2804.907227 0.000000 0.135542 0.000000 -0.990772 1.000000 1.000000 1.000000
8000.591797 0.000000 2807.425293 0.000000 0.628039 0.000000 0.778182 1.000000 1.000000 1.000000
8030.642578 0.000000 2849.000488 0.000000 0.632984 0.000000 -0.774165 1.000000 1.000000 1.000000
8098.354492 0.000000 2798.333496 0.000000 0.832692 0.000000 -0.553737 1.000000 1.000000 1.000000
8095.377441 0.000000 2794.368652 0.000000 0.604670 0.000000 0.796476 1.000000 1.000000 1.000000
8098.584473 0.000000 2794.993164 0.000000 0.852021 0.000000 0.523508 1.000000 1.000000 1.000000
8199.996094 0.000000 2789.064453 0.000000 0.454357 0.000000 -0.890820 1.000000 1.000000 1.000000
8190.552246 0.000000 2793.409180 0.000000 0.947506 0.000000 0.319737 1.000000 1.000000 1.000000
8184.219727 0.000000 2783.330566 0.000000 0.236759 0.000000 -0.971569 1.000000 1.000000 1.000000
8192.049805 0.000000 2791.834473 0.000000 0.309427 0.000000 0.950923 1.000000 1.000000 1.000000
8196.831055 0.000000 2792.131836 0.000000 0.626323 0.000000 -0.779564 1.000000 1.000000 1.000000
8185.358398 0.000000 2782.001221 0.000000 0.916373 0.000000 0.400325 1.000000 1.000000 1.000000
8197.306641 0.000000 2791.020508 0.000000 0.998981 0.000000 -0.045140 1.000000 1.000000 1.000000
8197.916016 0.000000 2791.972900 0.000000 0.362625 0.000000 -0.931935 1.000000 1.000000 1.000000
8104.980957 0.000000 2859.049561 0.000000 0.456783 0.000000 -0.889578 1.000000 1.000000 1.000000
8108.486816 0.000000 2877.076172 0.000000 0.290238 0.000000 -0.956955 1.000000 1.000000 1.000000
8081.621094 0.000000 2858.419922 0.000000 0.938145 0.000000 0.346243 1.000000 1.000000 1.000000
8093.466309 0.000000 2854.423096 0.000000 0.736115 0.000000 0.676856 1.000000 1.000000 1.000000
8098.354492 0.000000 2870.317871 0.000000 0.649702 0.000000 0.760189 1.000000 1.000000 1.000000
8089.754883 0.000000 2864.109619 0.000000 0.242501 0.000000 0.970151 1.000000 1.000000 1.000000
8097.661621 0.000000 2862.142822 0.000000 0.390183 0.000000 0.920738 1.000000 1.000000 1.000000
8232.955078 0.000000 2842.752686 0.000000 0.959034 0.000000 -0.283292 1.000000 1.000000 1.000000
8229.101562 0.000000 2845.784912 0.000000 0.918995 0.000000 0.394270 1.000000 1.000000 1.000000
8228.427734 0.000000 2840.964844 0.000000 0.445764 0.000000 0.895150 1.000000 1.000000 1.000000
8226.281250 0.000000 2830.158691 0.000000 0.646927 0.000000 -0.762552 1.000000 1.000000 1.000000
8230.169922 0.000000 2843.065430 0.000000 0.277182 0.000000 0.960818 1.000000 1.000000 1.000000
8267.986328 0.000000 2897.128906 0.000000 0.972455 0.000000 -0.233089 1.000000 1.000000 1.000000
8349.040039 0.000000 2936.848633 0.000000 0.968351 0.000000 -0.249592 1.000000 1.000000 1.000000
8344.467773 0.000000 2899.390869 0.000000 0.990543 0.000000 0.137200 1.000000 1.000000 1.000000
8344.754883 0.000000 2905.184326 0.000000 0.801992 0.000000 0.597335 1.000000 1.000000 1.000000
8349.593750 0.000000 2906.731201 0.000000 0.879770 0.000000 -0.475399 1.000000 1.000000 1.000000
8307.801758 0.000000 2913.653809 0.000000 0.746221 0.000000 -0.665698 1.000000 1.000000 1.000000
8302.933594 0.000000 2927.027344 0.000000 0.348230 0.000000 0.937409 1.000000 1.000000 1.000000
8345.915039 0.000000 2897.081299 0.000000 0.324600 0.000000 -0.945851 1.000000 1.000000 1.000000
8347.337891 0.000000 2905.497314 0.000000 0.034991 0.000000 -0.999388 1.000000 1.000000 1.000000
8350.097656 0.000000 2939.936279 0.000000 0.844214 0.000000 0.536007 1.000000 1.000000 1.000000
8349.213867 0.000000 2904.789062 0.000000 0.678364 0.000000 0.734726 1.000000 1.000000 1.000000
8307.981445 0.000000 2915.566162 0.000000 0.990055 0.000000 0.140679 1.000000 1.000000 1.000000
8350.335938 0.000000 2938.131592 0.000000 0.865187 0.000000 -0.501449 1.000000 1.000000 1.000000
8309.723633 0.000000 2917.289307 0.000000 0.182128 0.000000 -0.983275 1.000000 1.000000 1.000000
8341.037109 0.000000 2952.205566 0.000000 0.012398 0.000000 0.999923 1.000000 1.000000 1.000000
8326.821289 0.000000 2993.361328 0.000000 0.954063 0.000000 -0.299606 1.000000 1.000000 1.000000
8343.617188 0.000000 2951.438721 0.000000 0.492637 0.000000 0.870235 1.000000 1.000000 1.000000
8326.227539 0.000000 2995.416504 0.000000 0.856413 0.000000 0.516291 1.000000 1.000000 1.000000
8327.810547 0.000000 2995.058105 0.000000 0.223667 0.000000 -0.974666 1.000000 1.000000 1.000000
8353.304688 0.000000 2934.386475 0.000000 0.984807 0.000000 0.173653 1.000000 1.000000 1.000000
8351.156250 0.000000 2939.198242 0.000000 0.537259 0.000000 0.843418 1.000000 1.000000 1.000000
8420.203125 0.000000 2974.786865 0.000000 0.822666 0.000000 0.568525 1.000000 1.000000 1.000000
8423.071289 0.000000 2975.963379 0.000000 0.920666 0.000000 -0.390351 1.000000 1.000000 1.000000
8422.276367 0.000000 2974.192383 0.000000 0.847400 0.000000 -0.530955 1.000000 1.000000 1.000000
8435.654297 0.000000 2979.565430 0.000000 0.767193 0.000000 -0.641416 1.000000 1.000000 1.000000
8423.166016 0.000000 2972.259766 0.000000 0.942948 0.000000 -0.332941 1.000000 1.000000 1.000000
8420.708008 0.000000 3028.020996 0.000000 0.261187 0.000000 -0.965288 1.000000 1.000000 1.000000
8429.259766 0.000000 3043.957275 0.000000 0.739223 0.000000 0.673461 1.000000 1.000000 1.000000
8425.354492 0.000000 3036.365234 0.000000 0.142097 0.000000 -0.989853 1.000000 1.000000 1.000000
8430.543945 0.000000 3042.201172 0.000000 0.105066 0.000000 -0.994465 1.000000 1.000000 1.000000
8431.291016 0.000000 3038.114990 0.000000 0.369225 0.000000 0.929340 1.000000 1.000000 1.000000
8427.800781 0.000000 3036.289795 0.000000 0.057890 0.000000 0.998323 1.000000 1.000000 1.000000
8428.048828 0.000000 3039.515137 0.000000 0.598795 0.000000 -0.800902 1.000000 1.000000 1.000000
8431.941406 0.000000 3042.887207 0.000000 0.991966 0.000000 0.126508 1.000000 1.000000 1.000000
8429.471680 0.000000 3039.622070 0.000000 0.971053 0.000000 0.238865 1.000000 1.000000 1.000000
8426.589844 0.000000 3036.773682 0.000000 0.825517 0.000000 -0.564377 1.000000 1.000000 1.000000
8430.419922 0.000000 3043.507812 0.000000 0.930611 0.000000 0.366010 1.000000 1.000000 1.000000
8468.941406 0.000000 3160.658691 0.000000 0.123049 0.000000 0.992401 1.000000 1.000000 1.000000
8398.746094 0.000000 3441.232422 0.000000 0.578520 0.000000 -0.815668 1.000000 1.000000 1.000000
8406.528320 0.000000 3441.268555 0.000000 0.894922 0.000000 -0.446222 1.000000 1.000000 1.000000
8397.223633 0.000000 3443.244141 0.000000 0.406152 0.000000 0.913805 1.000000 1.000000 1.000000
8399.661133 0.000000 3443.585205 0.000000 0.163398 0.000000 -0.986560 1.000000 1.000000 1.000000
8404.750000 0.000000 3443.152344 0.000000 0.535019 0.000000 0.844840 1.000000 1.000000 1.000000
8396.439453 0.000000 3440.840576 0.000000 0.006431 0.000000 -0.999979 1.000000 1.000000 1.000000
8406.154297 0.000000 3439.342529 0.000000 0.901637 0.000000 -0.432493 1.000000 1.000000 1.000000
8399.605469 0.000000 3445.398926 0.000000 0.313088 0.000000 0.949724 1.000000 1.000000 1.000000
8407.781250 0.000000 3438.559326 0.000000 0.810447 0.000000 0.585812 1.000000 1.000000 1.000000
8480.659180 0.000000 3444.653564 0.000000 0.660194 0.000000 0.751095 1.000000 1.000000 1.000000
8497.300781 0.000000 3431.654785 0.000000 0.500746 0.000000 0.865594 1.000000 1.000000 1.000000
"}
