object={
	name="tree_dead_01_paintable_generator_0"
	render_pass=Map
	clamp_to_water_level=no
	generated_content=yes
	layer="tree_high_layer"
	pdxmesh="tree_dead_01_a_paintable_mesh"
	count=114
	transform="1909.956787 0.000000 820.159241 0.000000 0.135398 0.000000 0.990791 0.069170 0.069170 0.069170
1852.238892 0.000000 875.606323 0.000000 0.671584 0.000000 0.740929 0.446681 0.446681 0.446681
1850.197266 0.000000 873.682922 0.000000 0.145689 0.000000 0.989330 0.657738 0.657738 0.657738
1879.161743 0.000000 870.091187 0.000000 0.595377 0.000000 0.803447 0.688187 0.688187 0.688187
1884.385376 0.000000 837.589722 0.000000 0.787912 0.000000 0.615788 0.517788 0.517788 0.517788
1866.087769 0.000000 881.853333 0.000000 0.165544 0.000000 0.986202 0.483024 0.483024 0.483024
1882.640381 0.000000 839.927368 0.000000 0.747871 0.000000 0.663844 0.620214 0.620214 0.620214
1880.673462 0.000000 869.943665 0.000000 0.418434 0.000000 0.908247 0.392774 0.392774 0.392774
1920.138184 0.000000 835.089966 0.000000 0.714277 0.000000 0.699863 0.471766 0.471766 0.471766
3053.770752 0.000000 1629.895752 0.000000 0.075354 0.000000 0.997157 0.767147 0.767147 0.767147
3048.791748 0.000000 1629.764038 0.000000 0.856833 0.000000 0.515594 0.762133 0.762133 0.762133
3058.687012 0.000000 1618.338989 0.000000 0.622279 0.000000 0.782796 0.765880 0.765880 0.765880
3050.210205 0.000000 1627.045654 0.000000 0.670904 0.000000 0.741544 0.719915 0.719915 0.719915
3019.736328 0.000000 1669.200073 0.000000 0.192485 0.000000 0.981300 0.632225 0.632225 0.632225
3016.853760 0.000000 1670.493652 0.000000 0.536980 0.000000 0.843595 0.659642 0.659642 0.659642
3021.650879 0.000000 1670.806274 0.000000 0.238551 0.000000 0.971130 0.635317 0.635317 0.635317
3018.796143 0.000000 1670.992065 0.000000 0.646793 0.000000 0.762666 0.647544 0.647544 0.647544
2674.548340 0.000000 2031.764404 0.000000 0.476761 0.000000 0.879033 0.720646 0.720646 0.720646
2812.121826 0.000000 1963.340698 0.000000 0.199958 0.000000 0.979804 0.767178 0.767178 0.767178
2809.333740 0.000000 1967.226196 0.000000 0.285724 0.000000 0.958312 0.766739 0.766739 0.766739
2807.654053 0.000000 1979.832397 0.000000 0.038142 0.000000 0.999272 0.665313 0.665313 0.665313
2814.750732 0.000000 1968.537720 0.000000 0.719075 0.000000 0.694933 0.621994 0.621994 0.621994
2776.679443 0.000000 2005.847778 0.000000 0.278629 0.000000 0.960399 0.763974 0.763974 0.763974
2784.326660 0.000000 1998.919189 0.000000 0.293976 0.000000 0.955813 0.736467 0.736467 0.736467
2774.652100 0.000000 2003.553223 0.000000 0.393501 0.000000 0.919324 0.681196 0.681196 0.681196
2807.189697 0.000000 2015.921143 0.000000 0.855623 0.000000 0.517600 0.703294 0.703294 0.703294
2820.909180 0.000000 1957.563477 0.000000 0.223680 0.000000 0.974663 0.660292 0.660292 0.660292
2815.864014 0.000000 1965.966553 0.000000 0.568365 0.000000 0.822777 0.680347 0.680347 0.680347
2820.224121 0.000000 1959.267334 0.000000 0.778746 0.000000 0.627340 0.552146 0.552146 0.552146
2817.973877 0.000000 1992.977417 0.000000 0.193444 0.000000 0.981111 0.728540 0.728540 0.728540
2827.935791 0.000000 1986.557373 0.000000 0.334702 0.000000 0.942324 0.613373 0.613373 0.613373
2021.105835 0.000000 2272.583496 0.000000 0.463707 0.000000 0.885988 0.563008 0.563008 0.563008
2012.530396 0.000000 2254.763916 0.000000 0.567302 0.000000 0.823510 0.307220 0.307220 0.307220
2039.375732 0.000000 2266.611816 0.000000 0.380516 0.000000 0.924774 0.623178 0.623178 0.623178
2001.089600 0.000000 2249.742676 0.000000 0.271279 0.000000 0.962501 0.367709 0.367709 0.367709
2035.958496 0.000000 2267.150391 0.000000 0.769672 0.000000 0.638440 0.611908 0.611908 0.611908
2034.854492 0.000000 2269.992676 0.000000 0.805652 0.000000 0.592389 0.663240 0.663240 0.663240
2039.484009 0.000000 2269.580322 0.000000 0.233426 0.000000 0.972374 0.415994 0.415994 0.415994
1998.522827 0.000000 2248.522461 0.000000 0.083339 0.000000 0.996521 0.042494 0.042494 0.042494
2003.867676 0.000000 2246.731689 0.000000 0.452882 0.000000 0.891571 0.602129 0.602129 0.602129
2047.344238 0.000000 2244.293457 0.000000 0.694700 0.000000 0.719299 0.612406 0.612406 0.612406
2000.261475 0.000000 2248.473877 0.000000 0.137476 0.000000 0.990505 0.322078 0.322078 0.322078
2010.501465 0.000000 2257.589111 0.000000 0.743796 0.000000 0.668407 0.566063 0.566063 0.566063
2013.316040 0.000000 2257.463867 0.000000 0.595638 0.000000 0.803253 0.418106 0.418106 0.418106
2061.449463 0.000000 2238.332764 0.000000 0.860219 0.000000 0.509924 0.531752 0.531752 0.531752
2056.328857 0.000000 2238.567139 0.000000 0.686337 0.000000 0.727284 0.385252 0.385252 0.385252
2060.037598 0.000000 2237.015625 0.000000 0.735537 0.000000 0.677485 0.700396 0.700396 0.700396
2054.930176 0.000000 2239.312988 0.000000 0.563937 0.000000 0.825818 0.305142 0.305142 0.305142
2055.260986 0.000000 2248.925781 0.000000 0.384819 0.000000 0.922992 0.201178 0.201178 0.201178
2055.048828 0.000000 2246.001465 0.000000 0.267871 0.000000 0.963455 0.498906 0.498906 0.498906
2058.370605 0.000000 2259.930176 0.000000 0.740791 0.000000 0.671735 0.532266 0.532266 0.532266
2057.433594 0.000000 2258.292969 0.000000 0.155097 0.000000 0.987899 0.079311 0.079311 0.079311
2532.900391 0.000000 2221.386475 0.000000 0.638207 0.000000 0.769865 0.542040 0.542040 0.542040
2511.901367 0.000000 2202.056396 0.000000 0.705761 0.000000 0.708449 0.770124 0.770124 0.770124
2535.542725 0.000000 2214.907959 0.000000 0.829703 0.000000 0.558205 0.543331 0.543331 0.543331
2515.571289 0.000000 2196.947510 0.000000 0.845774 0.000000 0.533542 0.755040 0.755040 0.755040
2525.265381 0.000000 2199.102051 0.000000 0.165147 0.000000 0.986269 0.715823 0.715823 0.715823
2508.301514 0.000000 2205.102539 0.000000 0.636738 0.000000 0.771080 0.754275 0.754275 0.754275
2537.109375 0.000000 2209.901855 0.000000 0.529505 0.000000 0.848307 0.745385 0.745385 0.745385
2532.982422 0.000000 2204.508545 0.000000 0.683366 0.000000 0.730076 0.705193 0.705193 0.705193
2530.603027 0.000000 2231.165527 0.000000 0.017354 0.000000 0.999849 0.731743 0.731743 0.731743
2535.125977 0.000000 2212.025635 0.000000 0.490007 0.000000 0.871718 0.514546 0.514546 0.514546
2521.363525 0.000000 2228.159912 0.000000 0.524508 0.000000 0.851405 0.736930 0.736930 0.736930
2533.767578 0.000000 2213.631592 0.000000 0.702160 0.000000 0.712020 0.705047 0.705047 0.705047
2510.389160 0.000000 2198.061768 0.000000 0.221068 0.000000 0.975258 0.625017 0.625017 0.625017
2530.453369 0.000000 2214.183350 0.000000 0.657749 0.000000 0.753237 0.679046 0.679046 0.679046
2539.620605 0.000000 2213.719238 0.000000 0.817509 0.000000 0.575916 0.692134 0.692134 0.692134
2536.181885 0.000000 2213.299072 0.000000 0.685127 0.000000 0.728423 0.544124 0.544124 0.544124
2531.191406 0.000000 2240.015625 0.000000 0.505224 0.000000 0.862989 0.754252 0.754252 0.754252
2366.377930 0.000000 2455.721924 0.000000 0.536284 0.000000 0.844037 0.691635 0.691635 0.691635
2358.088867 0.000000 2486.181396 0.000000 0.704921 0.000000 0.709286 0.710237 0.710237 0.710237
2362.115967 0.000000 2491.907715 0.000000 0.660844 0.000000 0.750523 0.698278 0.698278 0.698278
2361.315674 0.000000 2488.139160 0.000000 0.255699 0.000000 0.966756 0.608680 0.608680 0.608680
2404.000000 0.000000 2447.956299 0.000000 0.043559 0.000000 0.999051 0.766447 0.766447 0.766447
2397.281006 0.000000 2455.039551 0.000000 0.054808 0.000000 0.998497 0.648613 0.648613 0.648613
2396.418701 0.000000 2457.707275 0.000000 0.418683 0.000000 0.908132 0.663532 0.663532 0.663532
2370.320312 0.000000 2454.707031 0.000000 0.552744 0.000000 0.833351 0.319914 0.319914 0.319914
2388.900635 0.000000 2460.807373 0.000000 0.563482 0.000000 0.826128 0.669905 0.669905 0.669905
2373.594238 0.000000 2457.558350 0.000000 0.476431 0.000000 0.879212 0.252912 0.252912 0.252912
2393.875000 0.000000 2457.451172 0.000000 0.507883 0.000000 0.861426 0.638285 0.638285 0.638285
2368.720215 0.000000 2460.896729 0.000000 0.408825 0.000000 0.912613 0.593352 0.593352 0.593352
2374.877686 0.000000 2459.089355 0.000000 0.572539 0.000000 0.819877 0.310467 0.310467 0.310467
2371.414551 0.000000 2456.181885 0.000000 0.744647 0.000000 0.667459 0.427811 0.427811 0.427811
2369.740234 0.000000 2456.404297 0.000000 0.602945 0.000000 0.797782 0.329610 0.329610 0.329610
2378.464355 0.000000 2478.268066 0.000000 0.649571 0.000000 0.760301 0.591255 0.591255 0.591255
2368.716797 0.000000 2457.832031 0.000000 0.210795 0.000000 0.977530 0.108168 0.108168 0.108168
2368.776611 0.000000 2454.899414 0.000000 0.498965 0.000000 0.866622 0.479635 0.479635 0.479635
2380.859863 0.000000 2476.030273 0.000000 0.784068 0.000000 0.620676 0.493745 0.493745 0.493745
2429.590332 0.000000 2499.547607 0.000000 0.734050 0.000000 0.679096 0.731414 0.731414 0.731414
2388.261719 0.000000 2509.057617 0.000000 0.650584 0.000000 0.759434 0.710430 0.710430 0.710430
2449.892578 0.000000 2467.607910 0.000000 0.393200 0.000000 0.919453 0.660191 0.660191 0.660191
2431.728027 0.000000 2502.074463 0.000000 0.277462 0.000000 0.960737 0.743334 0.743334 0.743334
2433.071289 0.000000 2500.475586 0.000000 0.241821 0.000000 0.970321 0.611889 0.611889 0.611889
2594.885742 0.000000 2247.339355 0.000000 0.221769 0.000000 0.975099 0.633182 0.633182 0.633182
2606.776855 0.000000 2254.087891 0.000000 0.049503 0.000000 0.998774 0.453629 0.453629 0.453629
2592.483643 0.000000 2266.127686 0.000000 0.503423 0.000000 0.864040 0.581222 0.581222 0.581222
2597.194824 0.000000 2274.948730 0.000000 0.617323 0.000000 0.786710 0.630008 0.630008 0.630008
2607.697998 0.000000 2255.427002 0.000000 0.768570 0.000000 0.639766 0.641942 0.641942 0.641942
2605.009277 0.000000 2253.703613 0.000000 0.209397 0.000000 0.977831 0.422487 0.422487 0.422487
2603.436523 0.000000 2253.529785 0.000000 0.681115 0.000000 0.732176 0.598187 0.598187 0.598187
2589.515137 0.000000 2274.005859 0.000000 0.362097 0.000000 0.932140 0.505139 0.505139 0.505139
2593.437012 0.000000 2262.487793 0.000000 0.492789 0.000000 0.870149 0.355192 0.355192 0.355192
2791.985840 0.000000 2557.331299 0.000000 0.438338 0.000000 0.898810 0.574668 0.574668 0.574668
2765.091797 0.000000 2551.838623 0.000000 0.721666 0.000000 0.692241 0.690051 0.690051 0.690051
2790.626953 0.000000 2555.109131 0.000000 0.759414 0.000000 0.650607 0.689645 0.689645 0.689645
2766.868896 0.000000 2553.073242 0.000000 0.786530 0.000000 0.617553 0.706941 0.706941 0.706941
2764.179199 0.000000 2553.531250 0.000000 0.775543 0.000000 0.631295 0.697658 0.697658 0.697658
2790.697998 0.000000 2563.617676 0.000000 0.590329 0.000000 0.807163 0.520466 0.520466 0.520466
2790.812500 0.000000 2565.821777 0.000000 0.690362 0.000000 0.723464 0.525385 0.525385 0.525385
2791.945557 0.000000 2562.656250 0.000000 0.044081 0.000000 0.999028 0.345671 0.345671 0.345671
4488.014648 0.000000 1009.633850 0.000000 0.206812 0.000000 0.978381 0.595910 0.595910 0.595910
4481.419434 0.000000 1008.663391 0.000000 0.198978 0.000000 0.980004 0.383949 0.383949 0.383949
5290.570312 0.000000 631.740417 0.000000 0.761829 0.000000 0.647779 0.577633 0.577633 0.577633
5299.964355 0.000000 653.123169 0.000000 0.860230 0.000000 0.509907 0.758322 0.758322 0.758322
"}
object={
	name="tree_dead_01_paintable_generator_1"
	render_pass=Map
	clamp_to_water_level=no
	generated_content=yes
	layer="tree_high_layer"
	pdxmesh="tree_dead_01_b_paintable_mesh"
	count=130
	transform="1916.231079 0.000000 811.621948 0.000000 0.915416 0.000000 0.402509 0.770215 0.770215 0.770215
1908.282471 0.000000 818.358154 0.000000 0.992782 0.000000 -0.119931 0.853304 0.853304 0.853304
1855.681396 0.000000 868.155029 0.000000 0.997482 0.000000 -0.070913 0.819420 0.819420 0.819420
1853.809326 0.000000 875.408997 0.000000 0.929191 0.000000 -0.369599 0.960295 0.960295 0.960295
1855.207153 0.000000 877.132385 0.000000 0.995295 0.000000 0.096889 0.775385 0.775385 0.775385
1881.180664 0.000000 868.527527 0.000000 0.905427 0.000000 -0.424503 0.956735 0.956735 0.956735
1855.807495 0.000000 870.598083 0.000000 0.954569 0.000000 -0.297991 0.874938 0.874938 0.874938
1882.799561 0.000000 836.343994 0.000000 0.926490 0.000000 -0.376320 0.911734 0.911734 0.911734
1881.299438 0.000000 871.278015 0.000000 0.888121 0.000000 0.459610 0.739911 0.739911 0.739911
1868.952637 0.000000 858.862732 0.000000 0.932853 0.000000 -0.360256 0.948686 0.948686 0.948686
1866.029785 0.000000 883.591125 0.000000 0.983409 0.000000 0.181405 0.755917 0.755917 0.755917
1867.799438 0.000000 882.363159 0.000000 0.911638 0.000000 -0.410993 0.902356 0.902356 0.902356
1868.636719 0.000000 857.341248 0.000000 0.995576 0.000000 0.093961 0.752075 0.752075 0.752075
1925.343384 0.000000 831.750183 0.000000 0.996006 0.000000 0.089283 0.772502 0.772502 0.772502
1923.934570 0.000000 833.050476 0.000000 0.989622 0.000000 -0.143694 0.867965 0.867965 0.867965
1922.330933 0.000000 834.715820 0.000000 0.989524 0.000000 0.144369 0.775984 0.775984 0.775984
3066.043701 0.000000 1613.134888 0.000000 0.898019 0.000000 -0.439956 0.847312 0.847312 0.847312
3063.004639 0.000000 1620.135620 0.000000 0.980216 0.000000 0.197931 0.786868 0.786868 0.786868
3065.735840 0.000000 1617.401001 0.000000 0.906481 0.000000 0.422247 0.688558 0.688558 0.688558
3017.308350 0.000000 1673.839233 0.000000 0.947418 0.000000 0.319998 0.775929 0.775929 0.775929
3014.421387 0.000000 1668.281250 0.000000 0.916483 0.000000 0.400075 0.754787 0.754787 0.754787
3017.294678 0.000000 1667.574341 0.000000 0.970386 0.000000 -0.241561 0.824851 0.824851 0.824851
2674.041748 0.000000 2043.908081 0.000000 0.972038 0.000000 -0.234822 0.811362 0.811362 0.811362
2679.457520 0.000000 2018.807007 0.000000 0.993852 0.000000 -0.110719 0.840329 0.840329 0.840329
2671.559570 0.000000 2042.140991 0.000000 0.889103 0.000000 -0.457707 0.836082 0.836082 0.836082
2673.504883 0.000000 2040.455200 0.000000 0.979993 0.000000 -0.199034 0.822811 0.822811 0.822811
2664.683594 0.000000 2036.828369 0.000000 0.941962 0.000000 0.335720 0.761024 0.761024 0.761024
2807.318359 0.000000 1977.281738 0.000000 0.999749 0.000000 0.022426 0.799059 0.799059 0.799059
2804.375244 0.000000 1979.612915 0.000000 0.905510 0.000000 0.424324 0.742235 0.742235 0.742235
2813.541504 0.000000 1965.003906 0.000000 0.994429 0.000000 0.105404 0.783338 0.783338 0.783338
2812.383057 0.000000 1969.540527 0.000000 0.979851 0.000000 -0.199732 0.855824 0.855824 0.855824
2701.240723 0.000000 2022.466919 0.000000 0.999588 0.000000 0.028694 0.790027 0.790027 0.790027
2703.036865 0.000000 2022.196899 0.000000 0.919285 0.000000 -0.393592 0.865444 0.865444 0.865444
2774.391846 0.000000 1997.835327 0.000000 0.948922 0.000000 -0.315510 0.804488 0.804488 0.804488
2781.290039 0.000000 2002.929810 0.000000 0.997192 0.000000 0.074890 0.797754 0.797754 0.797754
2786.481934 0.000000 1997.512939 0.000000 0.996669 0.000000 0.081553 0.793641 0.793641 0.793641
2782.781494 0.000000 2004.977783 0.000000 0.977345 0.000000 0.211653 0.782962 0.782962 0.782962
2783.599854 0.000000 2002.778320 0.000000 0.973709 0.000000 -0.227795 0.823867 0.823867 0.823867
2784.968750 0.000000 1995.594727 0.000000 0.925216 0.000000 0.379440 0.748698 0.748698 0.748698
2807.390381 0.000000 2013.642700 0.000000 0.870304 0.000000 -0.492516 0.929595 0.929595 0.929595
2808.850586 0.000000 2017.260742 0.000000 0.968021 0.000000 -0.250868 0.908887 0.908887 0.908887
2818.464600 0.000000 1959.473511 0.000000 0.992684 0.000000 0.120739 0.786705 0.786705 0.786705
2821.989746 0.000000 1959.384155 0.000000 0.992266 0.000000 0.124133 0.754513 0.754513 0.754513
2815.994873 0.000000 1968.748657 0.000000 0.968699 0.000000 0.248238 0.741881 0.741881 0.741881
2825.318115 0.000000 1987.496216 0.000000 0.880879 0.000000 -0.473341 0.859088 0.859088 0.859088
3073.942627 0.000000 1609.071167 0.000000 0.898597 0.000000 -0.438774 0.813608 0.813608 0.813608
3074.906006 0.000000 1605.480835 0.000000 0.941282 0.000000 -0.337621 0.823386 0.823386 0.823386
3071.649902 0.000000 1606.293213 0.000000 0.970308 0.000000 0.241873 0.787314 0.787314 0.787314
2003.396729 0.000000 2248.476807 0.000000 0.888678 0.000000 0.458532 0.658246 0.658246 0.658246
2037.277344 0.000000 2269.676025 0.000000 0.994773 0.000000 -0.102115 0.821043 0.821043 0.821043
1999.799805 0.000000 2247.009033 0.000000 0.911138 0.000000 0.412102 0.629482 0.629482 0.629482
2011.933960 0.000000 2257.031738 0.000000 0.988255 0.000000 0.152815 0.750975 0.750975 0.750975
2010.325073 0.000000 2255.771240 0.000000 0.879593 0.000000 0.475727 0.547496 0.547496 0.547496
2020.953369 0.000000 2270.937500 0.000000 0.989533 0.000000 -0.144303 0.832682 0.832682 0.832682
2035.772095 0.000000 2268.701416 0.000000 0.918944 0.000000 -0.394388 0.887446 0.887446 0.887446
2058.111816 0.000000 2237.166748 0.000000 0.933591 0.000000 0.358340 0.780237 0.780237 0.780237
2053.327881 0.000000 2239.406494 0.000000 0.976952 0.000000 -0.213457 0.861437 0.861437 0.861437
2059.193604 0.000000 2238.489258 0.000000 0.915340 0.000000 -0.402681 0.990381 0.990381 0.990381
2048.122559 0.000000 2242.746338 0.000000 0.995833 0.000000 -0.091193 0.824987 0.824987 0.824987
2055.833984 0.000000 2240.791016 0.000000 0.956028 0.000000 0.293276 0.676942 0.676942 0.676942
2050.315430 0.000000 2242.372070 0.000000 0.948281 0.000000 -0.317433 0.872257 0.872257 0.872257
2049.117920 0.000000 2244.538086 0.000000 0.955926 0.000000 0.293608 0.730365 0.730365 0.730365
2060.971680 0.000000 2239.547607 0.000000 0.995242 0.000000 -0.097434 0.848922 0.848922 0.848922
2053.477295 0.000000 2239.999268 0.000000 0.999946 0.000000 0.010366 0.797039 0.797039 0.797039
2056.970459 0.000000 2239.594727 0.000000 0.998237 0.000000 -0.059350 0.830244 0.830244 0.830244
2053.685059 0.000000 2248.862305 0.000000 0.874008 0.000000 0.485911 0.618600 0.618600 0.618600
2519.366455 0.000000 2225.884277 0.000000 0.998501 0.000000 -0.054730 0.802953 0.802953 0.802953
2504.496826 0.000000 2195.796875 0.000000 0.999824 0.000000 0.018767 0.799363 0.799363 0.799363
2526.394287 0.000000 2224.135986 0.000000 0.998540 0.000000 -0.054026 0.800648 0.800648 0.800648
2549.214844 0.000000 2205.691650 0.000000 0.999523 0.000000 -0.030898 0.800370 0.800370 0.800370
2533.679443 0.000000 2232.893555 0.000000 0.999520 0.000000 -0.030966 0.801113 0.801113 0.801113
2509.293701 0.000000 2196.252197 0.000000 0.955092 0.000000 0.296310 0.778370 0.778370 0.778370
2511.063965 0.000000 2216.128662 0.000000 0.943779 0.000000 0.330578 0.787215 0.787215 0.787215
2536.854248 0.000000 2205.623535 0.000000 0.909849 0.000000 0.414941 0.782054 0.782054 0.782054
2526.421875 0.000000 2219.662842 0.000000 0.978355 0.000000 0.206934 0.793339 0.793339 0.793339
2515.469238 0.000000 2223.806641 0.000000 0.926423 0.000000 0.376483 0.788436 0.788436 0.788436
2537.388672 0.000000 2231.028809 0.000000 0.993834 0.000000 -0.110881 0.806879 0.806879 0.806879
2539.497314 0.000000 2215.547363 0.000000 0.896123 0.000000 0.443806 0.732956 0.732956 0.732956
2532.977783 0.000000 2217.748047 0.000000 0.898744 0.000000 0.438474 0.568831 0.568831 0.568831
2512.303955 0.000000 2198.489014 0.000000 0.948945 0.000000 -0.315440 0.823715 0.823715 0.823715
2528.287109 0.000000 2199.349365 0.000000 0.959001 0.000000 -0.283401 0.816643 0.816643 0.816643
2512.737061 0.000000 2195.706055 0.000000 0.883005 0.000000 0.469364 0.734622 0.734622 0.734622
2532.157227 0.000000 2215.215088 0.000000 0.978196 0.000000 -0.207684 0.885656 0.885656 0.885656
2534.492432 0.000000 2206.543701 0.000000 0.972385 0.000000 0.233381 0.770361 0.770361 0.770361
2534.624023 0.000000 2219.652100 0.000000 0.930116 0.000000 -0.367266 0.905905 0.905905 0.905905
2535.184570 0.000000 2217.253662 0.000000 0.983192 0.000000 -0.182575 0.878841 0.878841 0.878841
2537.394531 0.000000 2214.530029 0.000000 0.975013 0.000000 -0.222146 0.872928 0.872928 0.872928
2529.364746 0.000000 2218.096680 0.000000 0.998471 0.000000 0.055273 0.790612 0.790612 0.790612
2364.270020 0.000000 2492.126953 0.000000 0.932063 0.000000 0.362297 0.795557 0.795557 0.795557
2359.373047 0.000000 2489.156738 0.000000 0.998570 0.000000 0.053458 0.796902 0.796902 0.796902
2412.344727 0.000000 2444.064697 0.000000 0.994929 0.000000 -0.100575 0.811268 0.811268 0.811268
2383.079590 0.000000 2472.066162 0.000000 0.898048 0.000000 0.439899 0.707209 0.707209 0.707209
2372.979736 0.000000 2473.080566 0.000000 0.932421 0.000000 -0.361374 0.844308 0.844308 0.844308
2370.675537 0.000000 2457.824219 0.000000 0.990721 0.000000 0.135912 0.730566 0.730566 0.730566
2392.230469 0.000000 2456.720215 0.000000 0.992157 0.000000 0.124995 0.780477 0.780477 0.780477
2378.856934 0.000000 2479.906250 0.000000 0.999963 0.000000 -0.008560 0.802069 0.802069 0.802069
2415.181152 0.000000 2443.181152 0.000000 0.946832 0.000000 0.321727 0.760748 0.760748 0.760748
2389.755859 0.000000 2465.139160 0.000000 0.971776 0.000000 0.235906 0.776218 0.776218 0.776218
2381.279785 0.000000 2470.357422 0.000000 0.987341 0.000000 -0.158615 0.823860 0.823860 0.823860
2388.209473 0.000000 2463.116211 0.000000 0.974361 0.000000 0.224988 0.762381 0.762381 0.762381
2371.742676 0.000000 2453.220459 0.000000 0.994415 0.000000 0.105539 0.746360 0.746360 0.746360
2383.612793 0.000000 2479.482178 0.000000 0.984587 0.000000 0.174898 0.775422 0.775422 0.775422
2371.472656 0.000000 2459.352051 0.000000 0.966671 0.000000 -0.256023 0.931860 0.931860 0.931860
2372.432129 0.000000 2461.015137 0.000000 0.953071 0.000000 0.302745 0.709699 0.709699 0.709699
2372.894775 0.000000 2454.165039 0.000000 0.980661 0.000000 -0.195715 0.899931 0.899931 0.899931
2372.217773 0.000000 2458.060547 0.000000 0.999512 0.000000 -0.031239 0.815913 0.815913 0.815913
2430.896973 0.000000 2502.293457 0.000000 0.999681 0.000000 0.025256 0.798890 0.798890 0.798890
2400.302734 0.000000 2519.271240 0.000000 0.867926 0.000000 0.496693 0.737712 0.737712 0.737712
2393.514893 0.000000 2509.924316 0.000000 0.899449 0.000000 -0.437025 0.861426 0.861426 0.861426
2398.434082 0.000000 2512.536133 0.000000 0.957657 0.000000 0.287912 0.755670 0.755670 0.755670
2398.828369 0.000000 2516.852783 0.000000 0.952615 0.000000 0.304179 0.762962 0.762962 0.762962
2457.892578 0.000000 2459.245605 0.000000 0.992701 0.000000 -0.120599 0.806761 0.806761 0.806761
2445.324463 0.000000 2491.426270 0.000000 0.995504 0.000000 0.094721 0.796021 0.796021 0.796021
2452.201660 0.000000 2463.116211 0.000000 0.981321 0.000000 -0.192378 0.823198 0.823198 0.823198
2445.510254 0.000000 2462.925049 0.000000 0.961149 0.000000 -0.276030 0.833513 0.833513 0.833513
2446.827881 0.000000 2466.379639 0.000000 0.968018 0.000000 -0.250880 0.839505 0.839505 0.839505
2432.075928 0.000000 2498.683838 0.000000 0.941052 0.000000 0.338262 0.740041 0.740041 0.740041
2434.268555 0.000000 2498.309570 0.000000 0.981748 0.000000 -0.190186 0.822930 0.822930 0.822930
2597.759766 0.000000 2277.615967 0.000000 0.890861 0.000000 0.454275 0.739724 0.739724 0.739724
2597.251953 0.000000 2247.099121 0.000000 0.995489 0.000000 -0.094872 0.817269 0.817269 0.817269
2602.337158 0.000000 2254.700684 0.000000 0.950637 0.000000 -0.310304 0.901455 0.901455 0.901455
2789.648193 0.000000 2552.815430 0.000000 0.919210 0.000000 0.393767 0.780600 0.780600 0.780600
2788.998047 0.000000 2556.820312 0.000000 0.998752 0.000000 -0.049946 0.814570 0.814570 0.814570
2790.291016 0.000000 2557.863770 0.000000 0.902043 0.000000 -0.431647 0.890032 0.890032 0.890032
2770.501465 0.000000 2584.265869 0.000000 0.955181 0.000000 0.296021 0.689560 0.689560 0.689560
2771.891846 0.000000 2582.718750 0.000000 0.978512 0.000000 -0.206189 0.869684 0.869684 0.869684
4489.709961 0.000000 1011.559875 0.000000 0.881827 0.000000 -0.471574 0.843155 0.843155 0.843155
4483.207031 0.000000 1009.104431 0.000000 0.972320 0.000000 -0.233651 0.840036 0.840036 0.840036
4483.266113 0.000000 1002.541687 0.000000 0.996987 0.000000 -0.077567 0.820470 0.820470 0.820470
5301.178711 0.000000 645.152649 0.000000 0.911254 0.000000 0.411846 0.629595 0.629595 0.629595
"}
object={
	name="tree_dead_01_paintable_generator_2"
	render_pass=Map
	clamp_to_water_level=no
	generated_content=yes
	layer="tree_high_layer"
	pdxmesh="tree_dead_01_c_paintable_mesh"
	count=137
	transform="1915.499878 0.000000 814.002502 0.000000 0.844874 0.000000 -0.534965 0.937540 0.937540 0.937540
1917.650635 0.000000 813.285095 0.000000 0.029561 0.000000 -0.999563 1.437189 1.437189 1.437189
1908.541382 0.000000 821.360413 0.000000 0.808744 0.000000 -0.588161 1.120237 1.120237 1.120237
1917.802124 0.000000 814.990784 0.000000 0.466079 0.000000 -0.884743 1.344391 1.344391 1.344391
1855.370361 0.000000 878.647278 0.000000 0.640603 0.000000 -0.767872 0.913660 0.913660 0.913660
1854.091553 0.000000 871.942078 0.000000 0.540450 0.000000 -0.841376 1.047614 1.047614 1.047614
1853.658447 0.000000 877.269470 0.000000 0.000282 0.000000 -1.000000 1.198360 1.198360 1.198360
1852.579834 0.000000 873.473328 0.000000 0.466211 0.000000 -0.884674 1.218538 1.218538 1.218538
1854.266968 0.000000 869.817993 0.000000 0.267949 0.000000 -0.963433 1.155580 1.155580 1.155580
1852.301880 0.000000 871.815552 0.000000 0.197575 0.000000 -0.980288 1.221966 1.221966 1.221966
1866.945190 0.000000 856.868042 0.000000 0.187002 0.000000 -0.982360 0.913224 0.913224 0.913224
1855.981079 0.000000 878.232178 0.000000 0.799710 0.000000 -0.600387 0.883602 0.883602 0.883602
1869.816284 0.000000 856.359741 0.000000 0.741376 0.000000 -0.671090 1.174678 1.174678 1.174678
1866.919312 0.000000 880.296936 0.000000 0.561498 0.000000 -0.827478 1.019956 1.019956 1.019956
1885.917847 0.000000 836.450867 0.000000 0.290440 0.000000 -0.956893 1.342872 1.342872 1.342872
1855.809937 0.000000 868.443726 0.000000 0.596980 0.000000 -0.802256 1.054760 1.054760 1.054760
1919.059570 0.000000 834.347290 0.000000 0.162323 0.000000 -0.986738 1.075538 1.075538 1.075538
1882.090210 0.000000 866.773499 0.000000 0.418778 0.000000 -0.908089 1.027425 1.027425 1.027425
1919.359863 0.000000 836.637146 0.000000 0.718530 0.000000 -0.695496 1.047311 1.047311 1.047311
1882.788086 0.000000 838.087708 0.000000 0.191830 0.000000 -0.981428 1.141215 1.141215 1.141215
1921.133667 0.000000 836.881775 0.000000 0.749460 0.000000 -0.662049 0.891041 0.891041 0.891041
3069.647217 0.000000 1609.877197 0.000000 0.177159 0.000000 -0.984182 0.975238 0.975238 0.975238
3053.053711 0.000000 1625.479614 0.000000 0.529087 0.000000 -0.848567 0.852617 0.852617 0.852617
3070.818848 0.000000 1606.512329 0.000000 0.366014 0.000000 -0.930609 0.862110 0.862110 0.862110
3066.613281 0.000000 1610.162476 0.000000 0.479400 0.000000 -0.877597 0.866300 0.866300 0.866300
3061.306885 0.000000 1618.018677 0.000000 0.431841 0.000000 -0.901950 0.932480 0.932480 0.932480
3067.022461 0.000000 1615.348022 0.000000 0.451898 0.000000 -0.892070 1.004671 1.004671 1.004671
3064.341797 0.000000 1615.514160 0.000000 0.831917 0.000000 -0.554900 0.892814 0.892814 0.892814
3068.004150 0.000000 1608.199341 0.000000 0.451227 0.000000 -0.892409 0.938743 0.938743 0.938743
3063.611816 0.000000 1618.025391 0.000000 0.526177 0.000000 -0.850375 0.962447 0.962447 0.962447
3062.974854 0.000000 1616.479370 0.000000 0.796923 0.000000 -0.604081 0.977474 0.977474 0.977474
3019.014648 0.000000 1664.380615 0.000000 0.823699 0.000000 -0.567028 0.807225 0.807225 0.807225
3020.118896 0.000000 1672.461304 0.000000 0.830878 0.000000 -0.556455 0.862466 0.862466 0.862466
2671.922607 0.000000 2031.714600 0.000000 0.841263 0.000000 -0.540627 0.822816 0.822816 0.822816
2679.084229 0.000000 2021.815063 0.000000 0.251821 0.000000 -0.967774 0.994534 0.994534 0.994534
2802.026123 0.000000 1979.923706 0.000000 0.732507 0.000000 -0.680759 0.864308 0.864308 0.864308
2805.653320 0.000000 1981.597412 0.000000 0.583548 0.000000 -0.812079 0.898425 0.898425 0.898425
2804.031494 0.000000 1977.347046 0.000000 0.522665 0.000000 -0.852538 0.871359 0.871359 0.871359
2699.044678 0.000000 2021.323730 0.000000 0.174498 0.000000 -0.984658 0.825082 0.825082 0.825082
2703.040527 0.000000 2024.175537 0.000000 0.843990 0.000000 -0.536359 0.830528 0.830528 0.830528
2703.454346 0.000000 2020.414062 0.000000 0.854555 0.000000 -0.519361 0.820723 0.820723 0.820723
2701.134033 0.000000 2024.583008 0.000000 0.830129 0.000000 -0.557572 0.882690 0.882690 0.882690
2787.187012 0.000000 1994.660522 0.000000 0.647520 0.000000 -0.762048 0.876144 0.876144 0.876144
2787.953125 0.000000 2000.065674 0.000000 0.734197 0.000000 -0.678937 0.822359 0.822359 0.822359
2782.741455 0.000000 1994.927979 0.000000 0.705489 0.000000 -0.708721 0.867647 0.867647 0.867647
2776.949463 0.000000 2001.468018 0.000000 0.003305 0.000000 -0.999995 1.003493 1.003493 1.003493
2772.444580 0.000000 2001.359131 0.000000 0.273339 0.000000 -0.961918 0.856854 0.856854 0.856854
2777.468018 0.000000 1998.049194 0.000000 0.459273 0.000000 -0.888295 0.876448 0.876448 0.876448
2785.547363 0.000000 2001.550293 0.000000 0.659408 0.000000 -0.751785 0.859471 0.859471 0.859471
2774.786865 0.000000 2000.304321 0.000000 0.229600 0.000000 -0.973285 0.976521 0.976521 0.976521
2807.909668 0.000000 2012.061646 0.000000 0.687745 0.000000 -0.725952 1.004447 1.004447 1.004447
2820.925049 0.000000 1961.205444 0.000000 0.676787 0.000000 -0.736179 1.036312 1.036312 1.036312
2827.759766 0.000000 1989.121948 0.000000 0.547492 0.000000 -0.836811 0.930688 0.930688 0.930688
2819.523438 0.000000 1991.181030 0.000000 0.518580 0.000000 -0.855029 1.082677 1.082677 1.082677
3071.697021 0.000000 1608.858276 0.000000 0.055859 0.000000 -0.998439 0.969435 0.969435 0.969435
2021.044678 0.000000 2268.492920 0.000000 0.342827 0.000000 -0.939399 0.856083 0.856083 0.856083
2033.457275 0.000000 2267.836670 0.000000 0.700508 0.000000 -0.713645 1.149180 1.149180 1.149180
2032.298218 0.000000 2264.609619 0.000000 0.356381 0.000000 -0.934341 0.927702 0.927702 0.927702
2019.297974 0.000000 2270.696777 0.000000 0.112583 0.000000 -0.993642 1.542540 1.542540 1.542540
2047.043945 0.000000 2242.003418 0.000000 0.577860 0.000000 -0.816136 1.053598 1.053598 1.053598
2018.676880 0.000000 2272.624023 0.000000 0.421022 0.000000 -0.907051 1.031470 1.031470 1.031470
2001.648193 0.000000 2247.627197 0.000000 0.262753 0.000000 -0.964863 1.464591 1.464591 1.464591
2037.771362 0.000000 2267.748535 0.000000 0.309682 0.000000 -0.950840 1.053349 1.053349 1.053349
2032.406982 0.000000 2266.322266 0.000000 0.311979 0.000000 -0.950089 1.350788 1.350788 1.350788
2019.377441 0.000000 2269.046387 0.000000 0.356885 0.000000 -0.934148 1.380424 1.380424 1.380424
2057.777832 0.000000 2238.902100 0.000000 0.328434 0.000000 -0.944527 1.429566 1.429566 1.429566
2056.551514 0.000000 2259.781250 0.000000 0.246400 0.000000 -0.969168 1.473204 1.473204 1.473204
2051.918945 0.000000 2240.706787 0.000000 0.681492 0.000000 -0.731825 0.850832 0.850832 0.850832
2058.967285 0.000000 2261.710449 0.000000 0.814195 0.000000 -0.580592 0.855674 0.855674 0.855674
2059.146729 0.000000 2258.248535 0.000000 0.767410 0.000000 -0.641157 1.052996 1.052996 1.052996
2052.283203 0.000000 2243.236328 0.000000 0.239718 0.000000 -0.970843 1.267064 1.267064 1.267064
2053.753174 0.000000 2241.686035 0.000000 0.839606 0.000000 -0.543197 1.064932 1.064932 1.064932
2052.246826 0.000000 2249.111572 0.000000 0.349540 0.000000 -0.936921 1.233910 1.233910 1.233910
2057.334717 0.000000 2261.361816 0.000000 0.428766 0.000000 -0.903416 1.059006 1.059006 1.059006
2055.930908 0.000000 2247.460449 0.000000 0.561866 0.000000 -0.827228 1.025692 1.025692 1.025692
2054.898438 0.000000 2239.483887 0.000000 0.482584 0.000000 -0.875849 1.343517 1.343517 1.343517
2518.668945 0.000000 2206.900635 0.000000 0.500868 0.000000 -0.865524 0.804179 0.804179 0.804179
2512.136475 0.000000 2220.826904 0.000000 0.366695 0.000000 -0.930341 0.852522 0.852522 0.852522
2529.484619 0.000000 2196.380615 0.000000 0.747408 0.000000 -0.664365 0.834831 0.834831 0.834831
2529.363037 0.000000 2216.337402 0.000000 0.007253 0.000000 -0.999974 1.027962 1.027962 1.027962
2506.867188 0.000000 2200.539795 0.000000 0.829088 0.000000 -0.559118 0.871100 0.871100 0.871100
2537.054443 0.000000 2218.992432 0.000000 0.232672 0.000000 -0.972555 0.877379 0.877379 0.877379
2528.781738 0.000000 2207.728027 0.000000 0.431082 0.000000 -0.902313 0.840448 0.840448 0.840448
2531.709229 0.000000 2212.609375 0.000000 0.435427 0.000000 -0.900224 0.855937 0.855937 0.855937
2503.697754 0.000000 2201.590576 0.000000 0.625602 0.000000 -0.780142 0.887578 0.887578 0.887578
2530.447021 0.000000 2219.497559 0.000000 0.555278 0.000000 -0.831665 1.135414 1.135414 1.135414
2538.112793 0.000000 2212.802734 0.000000 0.046913 0.000000 -0.998899 1.067830 1.067830 1.067830
2509.738281 0.000000 2200.031738 0.000000 0.675936 0.000000 -0.736960 0.877777 0.877777 0.877777
2504.302979 0.000000 2198.777100 0.000000 0.050182 0.000000 -0.998740 0.976145 0.976145 0.976145
2531.235596 0.000000 2206.712402 0.000000 0.689915 0.000000 -0.723890 0.879214 0.879214 0.879214
2537.340576 0.000000 2216.532959 0.000000 0.015421 0.000000 -0.999881 1.023665 1.023665 1.023665
2514.815186 0.000000 2194.816162 0.000000 0.110226 0.000000 -0.993907 0.969166 0.969166 0.969166
2539.140625 0.000000 2210.645508 0.000000 0.852470 0.000000 -0.522776 0.862625 0.862625 0.862625
2531.100586 0.000000 2217.155273 0.000000 0.470387 0.000000 -0.882460 1.080689 1.080689 1.080689
2533.913330 0.000000 2215.790527 0.000000 0.807113 0.000000 -0.590397 1.058578 1.058578 1.058578
2532.564209 0.000000 2219.589355 0.000000 0.307091 0.000000 -0.951680 1.337963 1.337963 1.337963
2530.564697 0.000000 2221.139648 0.000000 0.477132 0.000000 -0.878832 1.031536 1.031536 1.031536
2367.941650 0.000000 2456.284912 0.000000 0.613143 0.000000 -0.789972 1.001910 1.001910 1.001910
2398.644775 0.000000 2459.665527 0.000000 0.707914 0.000000 -0.706299 0.821929 0.821929 0.821929
2370.473633 0.000000 2460.948486 0.000000 0.601031 0.000000 -0.799226 1.105160 1.105160 1.105160
2410.305420 0.000000 2442.065186 0.000000 0.521648 0.000000 -0.853161 0.910225 0.910225 0.910225
2409.973877 0.000000 2445.125977 0.000000 0.514771 0.000000 -0.857328 0.923436 0.923436 0.923436
2407.684570 0.000000 2445.892334 0.000000 0.488122 0.000000 -0.872775 0.927127 0.927127 0.927127
2398.564941 0.000000 2456.963623 0.000000 0.435573 0.000000 -0.900153 0.934229 0.934229 0.934229
2379.737061 0.000000 2481.972656 0.000000 0.714069 0.000000 -0.700075 0.896030 0.896030 0.896030
2375.492188 0.000000 2463.524902 0.000000 0.526287 0.000000 -0.850307 1.013184 1.013184 1.013184
2368.496826 0.000000 2453.425049 0.000000 0.670011 0.000000 -0.742351 0.928654 0.928654 0.928654
2380.396240 0.000000 2479.090820 0.000000 0.805609 0.000000 -0.592448 1.026692 1.026692 1.026692
2382.505127 0.000000 2476.364746 0.000000 0.127521 0.000000 -0.991836 1.272627 1.272627 1.272627
2380.160156 0.000000 2474.425049 0.000000 0.722184 0.000000 -0.691701 1.092911 1.092911 1.092911
2374.299805 0.000000 2460.708008 0.000000 0.818786 0.000000 -0.574098 1.017394 1.017394 1.017394
2399.646729 0.000000 2514.653320 0.000000 0.498372 0.000000 -0.866963 1.013716 1.013716 1.013716
2392.460205 0.000000 2511.386963 0.000000 0.426800 0.000000 -0.904346 0.989552 0.989552 0.989552
2444.309326 0.000000 2461.040039 0.000000 0.441936 0.000000 -0.897047 0.835568 0.835568 0.835568
2447.485596 0.000000 2468.304688 0.000000 0.482068 0.000000 -0.876134 0.923692 0.923692 0.923692
2444.872803 0.000000 2467.009277 0.000000 0.644183 0.000000 -0.764871 0.935664 0.935664 0.935664
2458.654053 0.000000 2455.653076 0.000000 0.746350 0.000000 -0.665554 0.887268 0.887268 0.887268
2587.256348 0.000000 2271.703369 0.000000 0.047049 0.000000 -0.998893 0.909557 0.909557 0.909557
2588.034180 0.000000 2268.981934 0.000000 0.338640 0.000000 -0.940916 0.919916 0.919916 0.919916
2596.426025 0.000000 2248.803711 0.000000 0.017792 0.000000 -0.999842 1.113274 1.113274 1.113274
2605.562988 0.000000 2255.243896 0.000000 0.333377 0.000000 -0.942794 1.264643 1.264643 1.264643
2588.956787 0.000000 2275.630127 0.000000 0.390144 0.000000 -0.920754 1.087425 1.087425 1.087425
2789.027832 0.000000 2555.170166 0.000000 0.340284 0.000000 -0.940323 1.081034 1.081034 1.081034
2787.160156 0.000000 2559.937500 0.000000 0.356036 0.000000 -0.934472 0.814461 0.814461 0.814461
2789.091309 0.000000 2565.119141 0.000000 0.814145 0.000000 -0.580661 0.886616 0.886616 0.886616
2773.166748 0.000000 2585.639160 0.000000 0.525649 0.000000 -0.850701 1.149474 1.149474 1.149474
2771.540039 0.000000 2580.853760 0.000000 0.455837 0.000000 -0.890063 0.846031 0.846031 0.846031
2768.272705 0.000000 2582.395264 0.000000 0.727751 0.000000 -0.685841 0.848302 0.848302 0.848302
2792.332764 0.000000 2564.664307 0.000000 0.211056 0.000000 -0.977474 0.935627 0.935627 0.935627
2770.976807 0.000000 2586.818359 0.000000 0.624006 0.000000 -0.781420 0.928981 0.928981 0.928981
2770.086670 0.000000 2582.064941 0.000000 0.281581 0.000000 -0.959538 1.231283 1.231283 1.231283
2772.194336 0.000000 2584.369141 0.000000 0.133351 0.000000 -0.991069 1.293662 1.293662 1.293662
4482.545898 0.000000 1003.877686 0.000000 0.625895 0.000000 -0.779907 1.035827 1.035827 1.035827
5291.986816 0.000000 631.127563 0.000000 0.745612 0.000000 -0.666381 1.030155 1.030155 1.030155
5290.312988 0.000000 633.228333 0.000000 0.403215 0.000000 -0.915105 1.007751 1.007751 1.007751
5301.575195 0.000000 653.310730 0.000000 0.699643 0.000000 -0.714493 1.127457 1.127457 1.127457
5300.949707 0.000000 652.018860 0.000000 0.506307 0.000000 -0.862354 1.227847 1.227847 1.227847
"}
