object={
	name="tree_emperorparasol_02_generator_1_0"
	render_pass=Map
	clamp_to_water_level=no
	generated_content=yes
	layer="tree_high_layer"
	pdxmesh="tree_emperorparasol_02_a_mesh"
	count=111
	transform="2672.201172 0.000000 2019.355835 0.000000 0.998487 0.000000 0.054995 1.000000 1.000000 1.000000
2673.303955 0.000000 2021.054199 0.000000 0.501599 0.000000 0.865100 1.000000 1.000000 1.000000
2675.913574 0.000000 2018.811157 0.000000 0.998969 0.000000 0.045399 1.000000 1.000000 1.000000
2673.971436 0.000000 2019.755371 0.000000 0.240155 0.000000 0.970735 1.000000 1.000000 1.000000
2674.924805 0.000000 2019.260742 0.000000 0.056530 0.000000 0.998401 1.000000 1.000000 1.000000
3185.046143 0.000000 1324.192993 0.000000 0.808143 0.000000 0.588986 1.000000 1.000000 1.000000
3165.755127 0.000000 1332.137207 0.000000 0.168482 0.000000 0.985705 1.000000 1.000000 1.000000
3166.988525 0.000000 1331.453003 0.000000 0.539677 0.000000 0.841872 1.000000 1.000000 1.000000
3166.173828 0.000000 1333.096313 0.000000 0.957565 0.000000 0.288219 1.000000 1.000000 1.000000
3185.604248 0.000000 1325.028442 0.000000 0.339332 0.000000 0.940667 1.000000 1.000000 1.000000
3167.308838 0.000000 1330.587646 0.000000 0.625199 0.000000 0.780465 1.000000 1.000000 1.000000
3167.791260 0.000000 1331.905151 0.000000 0.999958 0.000000 0.009167 1.000000 1.000000 1.000000
2428.262207 0.000000 2236.189453 0.000000 0.285286 0.000000 0.958443 1.000000 1.000000 1.000000
2418.072998 0.000000 2235.861328 0.000000 0.438799 0.000000 0.898585 1.000000 1.000000 1.000000
2415.419434 0.000000 2237.669922 0.000000 0.354735 0.000000 0.934967 1.000000 1.000000 1.000000
2415.590820 0.000000 2234.093994 0.000000 0.991175 0.000000 0.132564 1.000000 1.000000 1.000000
2415.405029 0.000000 2228.699951 0.000000 0.133096 0.000000 0.991103 1.000000 1.000000 1.000000
2315.091553 0.000000 2277.261230 0.000000 0.453698 0.000000 0.891156 1.000000 1.000000 1.000000
2327.389893 0.000000 2289.868652 0.000000 0.921121 0.000000 0.389275 1.000000 1.000000 1.000000
2329.972168 0.000000 2285.838623 0.000000 0.069596 0.000000 0.997575 1.000000 1.000000 1.000000
2332.012939 0.000000 2276.784424 0.000000 0.853062 0.000000 0.521810 1.000000 1.000000 1.000000
2317.287598 0.000000 2278.404297 0.000000 0.971471 0.000000 0.237158 1.000000 1.000000 1.000000
2320.980225 0.000000 2278.422363 0.000000 0.102337 0.000000 0.994750 1.000000 1.000000 1.000000
2328.006836 0.000000 2284.838623 0.000000 0.997900 0.000000 0.064769 1.000000 1.000000 1.000000
2310.439941 0.000000 2284.272949 0.000000 0.458266 0.000000 0.888815 1.000000 1.000000 1.000000
2335.697021 0.000000 2279.359619 0.000000 0.692830 0.000000 0.721101 1.000000 1.000000 1.000000
2445.324463 0.000000 2235.488770 0.000000 0.524385 0.000000 0.851481 1.000000 1.000000 1.000000
2467.855225 0.000000 2224.443115 0.000000 0.579981 0.000000 0.814630 1.000000 1.000000 1.000000
2462.147949 0.000000 2226.386230 0.000000 0.483568 0.000000 0.875307 1.000000 1.000000 1.000000
2547.392334 0.000000 2212.303223 0.000000 0.873351 0.000000 0.487092 1.000000 1.000000 1.000000
2520.710693 0.000000 2197.801025 0.000000 0.972266 0.000000 0.233879 1.000000 1.000000 1.000000
2538.304199 0.000000 2223.303467 0.000000 0.469006 0.000000 0.883195 1.000000 1.000000 1.000000
2545.596680 0.000000 2208.154785 0.000000 0.290935 0.000000 0.956743 1.000000 1.000000 1.000000
2543.869629 0.000000 2214.917480 0.000000 0.961072 0.000000 0.276297 1.000000 1.000000 1.000000
2518.704590 0.000000 2216.008057 0.000000 0.996992 0.000000 0.077502 1.000000 1.000000 1.000000
2523.024170 0.000000 2187.361328 0.000000 0.959147 0.000000 0.282907 1.000000 1.000000 1.000000
2509.723145 0.000000 2218.850098 0.000000 0.824620 0.000000 0.565686 1.000000 1.000000 1.000000
2516.484131 0.000000 2226.636719 0.000000 0.272521 0.000000 0.962150 1.000000 1.000000 1.000000
2514.929443 0.000000 2221.033203 0.000000 0.932105 0.000000 0.362188 1.000000 1.000000 1.000000
2500.379883 0.000000 2219.989746 0.000000 0.770878 0.000000 0.636982 1.000000 1.000000 1.000000
2520.146484 0.000000 2187.938721 0.000000 0.999978 0.000000 0.006567 1.000000 1.000000 1.000000
2505.951904 0.000000 2227.262939 0.000000 0.887517 0.000000 0.460776 1.000000 1.000000 1.000000
2555.493408 0.000000 2238.634277 0.000000 0.163853 0.000000 0.986485 1.000000 1.000000 1.000000
2498.187500 0.000000 2220.935791 0.000000 0.474675 0.000000 0.880161 1.000000 1.000000 1.000000
2512.133301 0.000000 2218.375977 0.000000 0.464608 0.000000 0.885517 1.000000 1.000000 1.000000
2519.983398 0.000000 2220.854248 0.000000 0.593760 0.000000 0.804642 1.000000 1.000000 1.000000
2516.854248 0.000000 2222.019531 0.000000 0.408563 0.000000 0.912730 1.000000 1.000000 1.000000
2543.003662 0.000000 2213.080811 0.000000 0.916088 0.000000 0.400977 1.000000 1.000000 1.000000
2514.661377 0.000000 2225.835938 0.000000 0.313442 0.000000 0.949607 1.000000 1.000000 1.000000
2542.403809 0.000000 2210.519043 0.000000 0.645693 0.000000 0.763597 1.000000 1.000000 1.000000
2511.904053 0.000000 2231.304932 0.000000 0.932407 0.000000 0.361410 1.000000 1.000000 1.000000
2509.083252 0.000000 2230.041748 0.000000 0.425149 0.000000 0.905123 1.000000 1.000000 1.000000
2506.238281 0.000000 2229.008301 0.000000 0.928448 0.000000 0.371462 1.000000 1.000000 1.000000
2504.292969 0.000000 2226.897949 0.000000 0.941598 0.000000 0.336740 1.000000 1.000000 1.000000
2503.574951 0.000000 2223.953613 0.000000 0.944518 0.000000 0.328461 1.000000 1.000000 1.000000
2510.375977 0.000000 2230.962891 0.000000 0.944355 0.000000 0.328927 1.000000 1.000000 1.000000
2507.311768 0.000000 2227.326660 0.000000 0.524066 0.000000 0.851678 1.000000 1.000000 1.000000
2502.674561 0.000000 2224.980225 0.000000 0.962277 0.000000 0.272070 1.000000 1.000000 1.000000
2512.416748 0.000000 2227.886475 0.000000 0.065381 0.000000 0.997860 1.000000 1.000000 1.000000
2502.242676 0.000000 2222.626221 0.000000 0.823808 0.000000 0.566868 1.000000 1.000000 1.000000
2455.184814 0.000000 2244.756104 0.000000 0.856572 0.000000 0.516028 1.000000 1.000000 1.000000
2454.031494 0.000000 2247.376953 0.000000 0.999545 0.000000 0.030167 1.000000 1.000000 1.000000
2548.511230 0.000000 2250.380859 0.000000 0.967937 0.000000 0.251193 1.000000 1.000000 1.000000
2656.255371 0.000000 2049.305420 0.000000 0.980750 0.000000 0.195266 1.000000 1.000000 1.000000
2654.427979 0.000000 2050.498535 0.000000 0.999867 0.000000 0.016329 1.000000 1.000000 1.000000
2657.289062 0.000000 2048.021729 0.000000 0.629315 0.000000 0.777151 1.000000 1.000000 1.000000
2680.569336 0.000000 2094.021729 0.000000 0.701696 0.000000 0.712476 1.000000 1.000000 1.000000
2682.040527 0.000000 2094.112305 0.000000 0.481693 0.000000 0.876340 1.000000 1.000000 1.000000
2805.183594 0.000000 2141.707275 0.000000 0.864359 0.000000 0.502875 1.000000 1.000000 1.000000
2615.677490 0.000000 2235.769775 0.000000 0.058886 0.000000 0.998265 1.000000 1.000000 1.000000
2649.347900 0.000000 2228.159912 0.000000 0.631005 0.000000 0.775779 1.000000 1.000000 1.000000
2647.161377 0.000000 2244.756104 0.000000 0.349553 0.000000 0.936916 1.000000 1.000000 1.000000
2656.375000 0.000000 2245.498291 0.000000 0.794383 0.000000 0.607417 1.000000 1.000000 1.000000
2753.032227 0.000000 2180.553711 0.000000 0.723074 0.000000 0.690771 1.000000 1.000000 1.000000
2978.073975 0.000000 2163.479248 0.000000 0.605120 0.000000 0.796134 1.000000 1.000000 1.000000
2985.333984 0.000000 2167.044434 0.000000 0.899254 0.000000 0.437427 1.000000 1.000000 1.000000
2983.183105 0.000000 2167.339355 0.000000 0.216756 0.000000 0.976226 1.000000 1.000000 1.000000
2963.657715 0.000000 2153.044189 0.000000 0.962052 0.000000 0.272866 1.000000 1.000000 1.000000
3016.070557 0.000000 2151.409912 0.000000 0.346376 0.000000 0.938096 1.000000 1.000000 1.000000
3011.478760 0.000000 2167.366455 0.000000 0.853340 0.000000 0.521355 1.000000 1.000000 1.000000
2849.445557 0.000000 2196.380615 0.000000 0.969541 0.000000 0.244930 1.000000 1.000000 1.000000
2875.320801 0.000000 2181.846191 0.000000 0.999912 0.000000 0.013277 1.000000 1.000000 1.000000
2850.751221 0.000000 2201.077881 0.000000 0.990950 0.000000 0.134230 1.000000 1.000000 1.000000
2880.021240 0.000000 2178.761963 0.000000 0.496266 0.000000 0.868170 1.000000 1.000000 1.000000
2870.709717 0.000000 2240.205322 0.000000 0.450158 0.000000 0.892949 1.000000 1.000000 1.000000
2867.869629 0.000000 2261.182373 0.000000 0.378909 0.000000 0.925434 1.000000 1.000000 1.000000
2866.118652 0.000000 2263.002930 0.000000 0.103037 0.000000 0.994677 1.000000 1.000000 1.000000
2871.702881 0.000000 2242.013672 0.000000 0.124323 0.000000 0.992242 1.000000 1.000000 1.000000
2919.883545 0.000000 2251.488037 0.000000 0.559123 0.000000 0.829084 1.000000 1.000000 1.000000
2897.025146 0.000000 2296.769287 0.000000 0.197464 0.000000 0.980310 1.000000 1.000000 1.000000
2910.509033 0.000000 2300.422852 0.000000 0.806861 0.000000 0.590741 1.000000 1.000000 1.000000
2918.920654 0.000000 2249.955566 0.000000 0.532852 0.000000 0.846208 1.000000 1.000000 1.000000
2919.772217 0.000000 2248.284912 0.000000 0.462539 0.000000 0.886599 1.000000 1.000000 1.000000
3052.260010 0.000000 2230.736816 0.000000 0.832901 0.000000 0.553423 1.000000 1.000000 1.000000
3070.124512 0.000000 2266.509521 0.000000 0.310004 0.000000 0.950735 1.000000 1.000000 1.000000
2905.353027 0.000000 2487.197998 0.000000 0.478292 0.000000 0.878201 1.000000 1.000000 1.000000
2915.937500 0.000000 2447.956299 0.000000 0.734795 0.000000 0.678290 1.000000 1.000000 1.000000
2912.953125 0.000000 2443.485352 0.000000 0.062651 0.000000 0.998035 1.000000 1.000000 1.000000
2912.149414 0.000000 2445.057373 0.000000 0.966465 0.000000 0.256797 1.000000 1.000000 1.000000
2930.657471 0.000000 2505.562500 0.000000 0.870326 0.000000 0.492476 1.000000 1.000000 1.000000
3071.699951 0.000000 2270.528564 0.000000 0.379196 0.000000 0.925316 1.000000 1.000000 1.000000
5672.671875 0.000000 427.429932 0.000000 0.949403 0.000000 0.314059 1.000000 1.000000 1.000000
5658.263672 0.000000 408.153107 0.000000 0.605702 0.000000 0.795692 1.000000 1.000000 1.000000
5688.157227 0.000000 480.022278 0.000000 0.087245 0.000000 0.996187 1.000000 1.000000 1.000000
5653.128906 0.000000 449.574493 0.000000 0.646442 0.000000 0.762963 1.000000 1.000000 1.000000
5650.937012 0.000000 449.404785 0.000000 0.857484 0.000000 0.514511 1.000000 1.000000 1.000000
5655.310059 0.000000 479.034058 0.000000 0.865436 0.000000 0.501020 1.000000 1.000000 1.000000
5650.117188 0.000000 449.248413 0.000000 0.521620 0.000000 0.853178 1.000000 1.000000 1.000000
5262.053223 0.000000 726.421021 0.000000 0.986674 0.000000 0.162712 1.000000 1.000000 1.000000
5257.059082 0.000000 731.165405 0.000000 0.767735 0.000000 0.640767 1.000000 1.000000 1.000000
5625.678223 0.000000 726.768860 0.000000 0.925186 0.000000 0.379515 1.000000 1.000000 1.000000
"}
object={
	name="tree_emperorparasol_02_generator_1_1"
	render_pass=Map
	clamp_to_water_level=no
	generated_content=yes
	layer="tree_high_layer"
	pdxmesh="tree_emperorparasol_02_b_mesh"
	count=70
	transform="2674.338867 0.000000 2018.338379 0.000000 0.900681 0.000000 -0.434481 1.000000 1.000000 1.000000
3182.808350 0.000000 1303.461182 0.000000 0.994064 0.000000 -0.108794 1.000000 1.000000 1.000000
3180.104004 0.000000 1304.309570 0.000000 0.998558 0.000000 -0.053690 1.000000 1.000000 1.000000
3181.659424 0.000000 1304.298950 0.000000 0.987383 0.000000 -0.158349 1.000000 1.000000 1.000000
3184.764160 0.000000 1325.488892 0.000000 0.956808 0.000000 -0.290721 1.000000 1.000000 1.000000
2418.886719 0.000000 2230.034180 0.000000 0.859206 0.000000 -0.511629 1.000000 1.000000 1.000000
2415.342773 0.000000 2231.005127 0.000000 0.984739 0.000000 -0.174038 1.000000 1.000000 1.000000
2308.630371 0.000000 2292.874023 0.000000 0.776216 0.000000 -0.630468 1.000000 1.000000 1.000000
2314.324463 0.000000 2279.227539 0.000000 0.984080 0.000000 -0.177728 1.000000 1.000000 1.000000
2503.952393 0.000000 2218.961182 0.000000 0.898094 0.000000 -0.439803 1.000000 1.000000 1.000000
2540.911133 0.000000 2211.858398 0.000000 0.983535 0.000000 -0.180719 1.000000 1.000000 1.000000
2501.273193 0.000000 2239.406494 0.000000 0.968251 0.000000 -0.249981 1.000000 1.000000 1.000000
2547.566162 0.000000 2217.175293 0.000000 0.940996 0.000000 -0.338417 1.000000 1.000000 1.000000
2511.477783 0.000000 2212.367188 0.000000 0.960454 0.000000 -0.278440 1.000000 1.000000 1.000000
2544.216797 0.000000 2211.309082 0.000000 0.692598 0.000000 -0.721324 1.000000 1.000000 1.000000
2503.278320 0.000000 2222.117188 0.000000 0.809147 0.000000 -0.587607 1.000000 1.000000 1.000000
2512.956787 0.000000 2214.437988 0.000000 0.911545 0.000000 -0.411201 1.000000 1.000000 1.000000
2539.342041 0.000000 2218.066895 0.000000 0.902788 0.000000 -0.430085 1.000000 1.000000 1.000000
2546.354492 0.000000 2210.291504 0.000000 0.642909 0.000000 -0.765943 1.000000 1.000000 1.000000
2501.996338 0.000000 2223.848145 0.000000 0.979490 0.000000 -0.201494 1.000000 1.000000 1.000000
2502.416504 0.000000 2220.288574 0.000000 0.813406 0.000000 -0.581697 1.000000 1.000000 1.000000
2501.443115 0.000000 2221.799072 0.000000 0.919654 0.000000 -0.392728 1.000000 1.000000 1.000000
2511.060303 0.000000 2214.150146 0.000000 0.980485 0.000000 -0.196596 1.000000 1.000000 1.000000
2502.750488 0.000000 2226.368652 0.000000 0.808778 0.000000 -0.588114 1.000000 1.000000 1.000000
2506.009766 0.000000 2225.525146 0.000000 0.990702 0.000000 -0.136047 1.000000 1.000000 1.000000
2509.810791 0.000000 2228.564697 0.000000 0.841387 0.000000 -0.540433 1.000000 1.000000 1.000000
2510.373047 0.000000 2217.460938 0.000000 0.979861 0.000000 -0.199679 1.000000 1.000000 1.000000
2514.119629 0.000000 2224.408691 0.000000 0.998483 0.000000 -0.055061 1.000000 1.000000 1.000000
2514.782715 0.000000 2222.498047 0.000000 0.865797 0.000000 -0.500395 1.000000 1.000000 1.000000
2511.523438 0.000000 2219.571289 0.000000 0.894382 0.000000 -0.447305 1.000000 1.000000 1.000000
2505.643555 0.000000 2224.343994 0.000000 0.999046 0.000000 -0.043670 1.000000 1.000000 1.000000
2675.376709 0.000000 2084.334473 0.000000 0.911879 0.000000 -0.410459 1.000000 1.000000 1.000000
2674.338867 0.000000 2082.322754 0.000000 0.870766 0.000000 -0.491698 1.000000 1.000000 1.000000
2656.045410 0.000000 2051.352783 0.000000 0.768958 0.000000 -0.639300 1.000000 1.000000 1.000000
2657.255127 0.000000 2050.685059 0.000000 0.651247 0.000000 -0.758866 1.000000 1.000000 1.000000
2683.525146 0.000000 2095.852051 0.000000 0.904165 0.000000 -0.427184 1.000000 1.000000 1.000000
2718.370850 0.000000 2096.167236 0.000000 0.984909 0.000000 -0.173073 1.000000 1.000000 1.000000
2750.626465 0.000000 2174.139404 0.000000 0.692350 0.000000 -0.721562 1.000000 1.000000 1.000000
2751.766357 0.000000 2172.555908 0.000000 0.924583 0.000000 -0.380981 1.000000 1.000000 1.000000
2753.614258 0.000000 2170.645020 0.000000 0.905653 0.000000 -0.424019 1.000000 1.000000 1.000000
2649.275391 0.000000 2246.767090 0.000000 0.972127 0.000000 -0.234455 1.000000 1.000000 1.000000
2748.692627 0.000000 2189.998535 0.000000 0.853313 0.000000 -0.521399 1.000000 1.000000 1.000000
2977.191162 0.000000 2161.064697 0.000000 0.721582 0.000000 -0.692329 1.000000 1.000000 1.000000
3000.343994 0.000000 2161.332520 0.000000 0.978178 0.000000 -0.207767 1.000000 1.000000 1.000000
3008.933105 0.000000 2168.030273 0.000000 0.998486 0.000000 -0.055005 1.000000 1.000000 1.000000
3017.130615 0.000000 2153.227295 0.000000 0.672726 0.000000 -0.739892 1.000000 1.000000 1.000000
2877.303711 0.000000 2176.275391 0.000000 0.843496 0.000000 -0.537135 1.000000 1.000000 1.000000
2864.395752 0.000000 2262.890381 0.000000 0.867088 0.000000 -0.498156 1.000000 1.000000 1.000000
2900.437256 0.000000 2290.621094 0.000000 0.988343 0.000000 -0.152244 1.000000 1.000000 1.000000
2899.773193 0.000000 2295.918945 0.000000 0.956537 0.000000 -0.291611 1.000000 1.000000 1.000000
2907.923340 0.000000 2294.473389 0.000000 0.670164 0.000000 -0.742213 1.000000 1.000000 1.000000
3055.264648 0.000000 2231.005127 0.000000 0.869124 0.000000 -0.494595 1.000000 1.000000 1.000000
3069.220215 0.000000 2272.535400 0.000000 0.766942 0.000000 -0.641716 1.000000 1.000000 1.000000
3067.275879 0.000000 2272.918457 0.000000 0.767178 0.000000 -0.641435 1.000000 1.000000 1.000000
3005.726562 0.000000 2309.114014 0.000000 0.970689 0.000000 -0.240341 1.000000 1.000000 1.000000
5672.224609 0.000000 426.047363 0.000000 0.778787 0.000000 -0.627289 1.000000 1.000000 1.000000
5652.887207 0.000000 448.244659 0.000000 0.899138 0.000000 -0.437666 1.000000 1.000000 1.000000
5667.602051 0.000000 464.440674 0.000000 0.985423 0.000000 -0.170123 1.000000 1.000000 1.000000
5688.499512 0.000000 481.635773 0.000000 0.662835 0.000000 -0.748765 1.000000 1.000000 1.000000
5651.962891 0.000000 449.745422 0.000000 0.953771 0.000000 -0.300536 1.000000 1.000000 1.000000
5668.496582 0.000000 465.908417 0.000000 0.913933 0.000000 -0.405866 1.000000 1.000000 1.000000
5655.948242 0.000000 479.883118 0.000000 0.882255 0.000000 -0.470772 1.000000 1.000000 1.000000
5668.927246 0.000000 467.334595 0.000000 0.959260 0.000000 -0.282524 1.000000 1.000000 1.000000
5669.254395 0.000000 464.824188 0.000000 0.696282 0.000000 -0.717768 1.000000 1.000000 1.000000
5689.822754 0.000000 481.808380 0.000000 0.963399 0.000000 -0.268072 1.000000 1.000000 1.000000
5669.853516 0.000000 466.730438 0.000000 0.826222 0.000000 -0.563345 1.000000 1.000000 1.000000
5654.956543 0.000000 479.984222 0.000000 0.966808 0.000000 -0.255505 1.000000 1.000000 1.000000
5654.490723 0.000000 478.456787 0.000000 0.678429 0.000000 -0.734666 1.000000 1.000000 1.000000
5263.968262 0.000000 726.848328 0.000000 0.854259 0.000000 -0.519848 1.000000 1.000000 1.000000
5262.909668 0.000000 727.960815 0.000000 0.740514 0.000000 -0.672041 1.000000 1.000000 1.000000
"}
object={
	name="tree_emperorparasol_02_generator_1_2"
	render_pass=Map
	clamp_to_water_level=no
	generated_content=yes
	layer="tree_high_layer"
	pdxmesh="tree_emperorparasol_02_c_mesh"
	count=26
	transform="2335.948730 0.000000 2269.803467 0.000000 0.282776 0.000000 -0.959186 1.000000 1.000000 1.000000
2315.964355 0.000000 2279.389648 0.000000 0.412890 0.000000 -0.910781 1.000000 1.000000 1.000000
2432.204346 0.000000 2226.585449 0.000000 0.551058 0.000000 -0.834467 1.000000 1.000000 1.000000
2541.584717 0.000000 2218.769287 0.000000 0.212119 0.000000 -0.977244 1.000000 1.000000 1.000000
2509.679199 0.000000 2225.128174 0.000000 0.053622 0.000000 -0.998561 1.000000 1.000000 1.000000
2520.214844 0.000000 2200.782715 0.000000 0.098036 0.000000 -0.995183 1.000000 1.000000 1.000000
2541.765869 0.000000 2216.355713 0.000000 0.498274 0.000000 -0.867020 1.000000 1.000000 1.000000
2517.507324 0.000000 2224.783203 0.000000 0.092709 0.000000 -0.995693 1.000000 1.000000 1.000000
2510.900146 0.000000 2233.151367 0.000000 0.309113 0.000000 -0.951025 1.000000 1.000000 1.000000
2504.939453 0.000000 2223.271484 0.000000 0.411331 0.000000 -0.911486 1.000000 1.000000 1.000000
2513.662598 0.000000 2219.598389 0.000000 0.294891 0.000000 -0.955531 1.000000 1.000000 1.000000
2509.464355 0.000000 2226.980957 0.000000 0.568192 0.000000 -0.822896 1.000000 1.000000 1.000000
2518.415039 0.000000 2218.607178 0.000000 0.533651 0.000000 -0.845705 1.000000 1.000000 1.000000
2682.934814 0.000000 2094.993408 0.000000 0.034815 0.000000 -0.999394 1.000000 1.000000 1.000000
2654.136230 0.000000 2246.154785 0.000000 0.004599 0.000000 -0.999989 1.000000 1.000000 1.000000
2753.166504 0.000000 2191.325195 0.000000 0.618050 0.000000 -0.786139 1.000000 1.000000 1.000000
2914.629150 0.000000 2243.158936 0.000000 0.545734 0.000000 -0.837958 1.000000 1.000000 1.000000
2899.121582 0.000000 2301.298828 0.000000 0.303427 0.000000 -0.952855 1.000000 1.000000 1.000000
2918.577637 0.000000 2247.096924 0.000000 0.418130 0.000000 -0.908387 1.000000 1.000000 1.000000
5645.428223 0.000000 437.002167 0.000000 0.277239 0.000000 -0.960801 1.000000 1.000000 1.000000
5673.562500 0.000000 426.341858 0.000000 0.389458 0.000000 -0.921044 1.000000 1.000000 1.000000
5651.676758 0.000000 451.521179 0.000000 0.401448 0.000000 -0.915882 1.000000 1.000000 1.000000
5650.731445 0.000000 448.361786 0.000000 0.029309 0.000000 -0.999570 1.000000 1.000000 1.000000
5666.842285 0.000000 465.795380 0.000000 0.144366 0.000000 -0.989524 1.000000 1.000000 1.000000
5256.308105 0.000000 730.361572 0.000000 0.266606 0.000000 -0.963806 1.000000 1.000000 1.000000
5619.533691 0.000000 725.557312 0.000000 0.361604 0.000000 -0.932332 1.000000 1.000000 1.000000
"}
