object={
	name="Academy"
	render_pass=MapUnderWater
	clamp_to_water_level=yes
	generated_content=no
	layer="gh_buildings"
	entity="building_greek_academy_entity"
	count=4
	transform="2768.319092 0.000000 2357.337402 0.000000 -0.815477 0.000000 0.578790 3.555374 3.555374 3.555374
2715.266846 0.000000 2008.111206 0.000000 0.951167 0.000000 -0.308677 2.524552 2.524552 2.524552
2201.496094 0.000000 1795.298950 0.000000 -0.540101 0.000000 0.841600 1.623120 1.623120 1.623120
2094.163086 0.512207 1833.708008 0.000000 0.000000 0.000000 1.000000 1.877344 1.877344 1.877344
"}
object={
	name="black_tower"
	render_pass=MapUnderWater
	clamp_to_water_level=no
	generated_content=no
	layer="gh_buildings"
	pdxmesh="underwater_building_mesh"
	count=28
	transform="2393.353027 -2.015991 2231.271240 0.000000 0.144965 0.000000 0.989437 0.235090 0.235090 0.235090
2391.900879 -1.813232 2231.753662 0.000000 0.144965 0.000000 0.989437 0.226257 0.226257 0.226257
2391.259766 -1.813232 2229.752197 0.000000 0.144965 0.000000 0.989437 0.226257 0.226257 0.226257
2392.817871 -1.813232 2229.211670 0.000000 0.144965 0.000000 0.989437 0.226257 0.226257 0.226257
3392.573975 -14.470581 2390.366211 0.000000 0.542513 0.000000 0.840048 1.176428 1.176428 1.176428
3281.780029 -50.526733 2325.171875 0.000000 -0.989420 0.000000 0.145081 3.693923 3.693923 3.693923
3420.945557 -8.060181 2406.118652 0.000000 -0.992754 0.000000 -0.120166 0.675024 0.675024 0.675024
3399.851807 -8.060181 2402.417480 0.000000 -0.998155 0.000000 0.060719 0.675024 0.675024 0.675024
3410.954346 -18.362305 2408.418457 0.000000 -0.970509 0.000000 0.241067 1.437580 1.437580 1.437580
3371.492920 -14.551392 2430.740234 0.000000 -0.952364 0.000000 0.304965 1.231919 1.231919 1.231919
3360.642334 -14.551392 2430.206055 0.000000 -0.973718 0.000000 -0.227755 1.231919 1.231919 1.231919
3321.449463 -43.827148 2405.520996 0.000000 -0.630423 0.000000 0.776251 2.865058 2.865058 2.865058
3313.491943 -27.415527 2369.453125 0.000000 -0.630423 0.000000 0.776251 2.055755 2.055755 2.055755
3361.787842 -26.309937 2353.085449 0.000000 -0.832250 0.000000 0.554400 1.789912 1.789912 1.789912
3407.001221 -26.309937 2350.877930 0.000000 -0.832250 0.000000 0.554400 1.789912 1.789912 1.789912
3419.260498 -26.309937 2385.737793 0.000000 -0.832250 0.000000 0.554400 1.789912 1.789912 1.789912
3442.937256 -17.593994 2336.177734 0.000000 -0.130063 0.000000 0.991506 1.372919 1.372919 1.372919
3418.704346 -14.901245 2336.720215 0.000000 0.457670 0.000000 0.889122 1.372919 1.372919 1.372919
3403.247314 -29.791992 2360.844727 0.000000 0.457670 0.000000 0.889122 2.304561 2.304561 2.304561
3399.025635 -14.470581 2386.044922 0.000000 0.201372 0.000000 0.979515 1.176428 1.176428 1.176428
3405.550049 -12.732300 2383.324707 0.000000 0.322124 0.000000 0.946697 1.176428 1.176428 1.176428
2546.837158 -9.847046 1546.873047 0.000000 -0.315732 0.000000 0.948848 1.000000 1.000000 1.000000
3327.738525 -31.229858 2336.120605 0.000000 -0.927300 0.000000 0.374319 2.382152 2.382152 2.382152
2540.916016 -3.872803 2830.274414 0.000000 0.000000 0.000000 1.000000 1.000000 1.000000 1.000000
4273.896484 -3.733215 849.678711 0.000000 -0.280839 0.000000 0.959755 0.699419 0.699419 0.699419
4216.125000 -3.628357 988.186157 0.000000 -0.026120 0.000000 0.999659 0.699419 0.699419 0.699419
4137.745605 -3.804749 901.162598 0.000000 0.703690 0.000000 0.710507 0.699419 0.699419 0.699419
2509.746826 -5.485596 2222.277832 0.000000 0.327060 0.000000 0.945004 0.703833 0.703833 0.703833
"}
object={
	name="gh_ritualcircle_01_a"
	render_pass=MapUnderWater
	clamp_to_water_level=no
	generated_content=no
	layer="gh_buildings"
	entity="gh_ritualcircle_01_a_entity"
	count=3
	transform="2533.755615 -1.318359 2241.316895 0.000000 0.293438 0.000000 0.955978 0.480855 0.480855 0.480855
2533.755615 -1.318359 2241.316895 0.000000 0.553108 0.000000 0.833110 0.480855 0.480855 0.480855
2533.876953 -1.318359 2241.310303 0.000000 0.000000 0.000000 1.000000 0.640429 0.640429 0.640429
"}
object={
	name="gh_ritualcircle_02_a"
	render_pass=MapUnderWater
	clamp_to_water_level=no
	generated_content=no
	layer="gh_buildings"
	entity="gh_ritualcircle_02_a_entity"
	count=4
	transform="2472.108398 -0.217773 2221.812256 0.000000 0.553997 0.000000 0.832518 0.267701 0.267701 0.267701
3002.522217 -0.723389 2298.450684 0.000000 -0.352146 0.000000 0.935945 0.270265 0.270265 0.270265
2654.038574 0.000000 1902.333008 0.000000 0.000000 0.000000 1.000000 0.201331 0.201331 0.201331
2860.482910 0.000000 2595.590088 0.000000 -0.945827 0.000000 -0.324670 0.231928 0.231928 0.231928
"}
object={
	name="gh_runestone_01_a"
	render_pass=MapUnderWater
	clamp_to_water_level=no
	generated_content=no
	layer="gh_buildings"
	entity="gh_runestone_01_a_entity"
	count=10
	transform="2451.878906 -1.798096 2209.845215 0.000000 -0.546736 0.000000 0.837305 1.287427 1.287427 1.287427
2796.689209 0.000000 1995.243164 0.000000 0.000000 0.000000 1.000000 0.543499 0.543499 0.543499
2796.646484 0.000000 2004.364014 0.000000 0.999838 0.000000 0.018000 0.543499 0.543499 0.543499
2792.736816 0.000000 1999.542969 0.000000 0.700627 0.000000 0.713528 0.543499 0.543499 0.543499
2801.655029 0.000000 1999.904907 0.000000 -0.806532 0.000000 0.591190 0.543499 0.543499 0.543499
2805.793701 0.000000 2027.476318 0.000000 0.715282 0.000000 0.698836 1.000000 1.000000 1.000000
2803.125732 0.000000 1963.136475 0.000000 0.357429 0.000000 0.933940 0.603333 0.603333 0.603333
2928.644775 0.000000 2317.554932 0.000000 -0.307497 0.000000 0.951549 0.697852 0.697852 0.697852
3150.078857 0.000000 1687.821045 0.000000 0.064591 0.000000 0.997912 1.000000 1.000000 1.000000
3166.697754 0.000000 1718.332275 0.000000 -0.511917 0.000000 0.859035 0.661523 0.661523 0.661523
"}
object={
	name="gh_runestone_02_a"
	render_pass=MapUnderWater
	clamp_to_water_level=no
	generated_content=no
	layer="gh_buildings"
	entity="gh_runestone_02_a_entity"
	count=6
	transform="3031.739502 -0.828857 2401.536377 0.000000 -0.672498 0.000000 0.740099 0.493589 0.493589 0.493589
3033.096436 -0.828857 2404.551514 0.000000 -0.402779 0.000000 0.915297 0.568976 0.568976 0.568976
3035.441895 -0.828857 2405.384766 0.000000 0.127672 0.000000 0.991816 0.815953 0.815953 0.815953
3146.254883 -1.492676 2372.290527 0.000000 -0.177040 0.000000 0.984204 0.718070 0.718070 0.718070
3114.417236 -0.530273 2324.774902 0.000000 0.534696 0.000000 0.845044 0.812378 0.812378 0.812378
2934.931152 -4.938232 2379.321289 0.000000 0.150518 0.000000 0.988607 1.686012 1.686012 1.686012
"}
object={
	name="gh_statue_griffon"
	render_pass=MapUnderWater
	clamp_to_water_level=no
	generated_content=no
	layer="gh_buildings"
	entity="gh_statue_griffon_entity"
	count=1
	transform="2594.087158 -1.201660 2220.605713 0.000000 -0.645160 0.000000 0.764047 0.616406 0.616406 0.616406
"}
object={
	name="Pagan_Temple_01_a"
	render_pass=MapUnderWater
	clamp_to_water_level=yes
	generated_content=no
	layer="gh_buildings"
	entity="building_mediterranean_temple_pagan_01_a_entity"
	count=3
	transform="2548.960205 -1.510437 1549.768188 0.000000 -0.865940 0.000000 0.500147 1.000000 1.000000 1.000000
2700.583008 -0.696289 2382.967285 0.000000 -0.362692 0.000000 0.931909 1.000000 1.000000 1.000000
2733.471680 -0.466187 1860.844604 0.000000 -0.176319 0.000000 0.984333 1.000000 1.000000 1.000000
"}
object={
	name="Pagan_Temple_01_b"
	render_pass=MapUnderWater
	clamp_to_water_level=yes
	generated_content=no
	layer="gh_buildings"
	entity="building_mediterranean_temple_pagan_01_b_entity"
	count=1
	transform="3086.024658 0.000000 1267.072144 0.000000 -0.370783 0.000000 0.928719 0.765985 0.765985 0.765985
"}
object={
	name="Pagan_Temple_02_a"
	render_pass=MapUnderWater
	clamp_to_water_level=yes
	generated_content=no
	layer="gh_buildings"
	entity="building_mediterranean_temple_pagan_02_a_entity"
	count=3
	transform="2130.276855 0.000000 1771.398071 0.000000 0.541954 0.000000 0.677436 0.500000 0.500000 0.500000
3088.866455 -4.289795 1270.695923 0.000000 -0.055239 0.000000 0.998473 0.933970 0.933970 0.933970
2605.425781 -1.650269 1806.039917 0.000000 0.832200 0.000000 0.554476 1.000000 1.000000 1.000000
"}
object={
	name="Pagan_Temple_02_b"
	render_pass=MapUnderWater
	clamp_to_water_level=yes
	generated_content=no
	layer="gh_buildings"
	entity="building_mediterranean_temple_pagan_02_b_entity"
	count=2
	transform="2126.546631 0.200000 1772.264893 0.000000 -0.367953 0.000000 0.851132 0.400000 0.400000 0.400000
2548.462646 -1.966309 1556.928467 0.000000 -0.730651 0.000000 0.682751 0.785831 0.785831 0.785831
"}
object={
	name="special_building_punic_cothon"
	render_pass=MapUnderWater
	clamp_to_water_level=yes
	generated_content=no
	layer="gh_buildings"
	entity="special_building_punic_cothon_entity"
	count=3
	transform="2537.426025 0.000000 1588.238159 0.000000 0.766663 0.000000 0.642050 0.316760 0.316760 0.316760
2211.867676 0.195679 1802.408447 0.000000 0.889961 0.000000 0.456037 0.373970 0.373970 0.373970
3172.351562 -1.890137 2520.392090 0.000000 0.177650 0.000000 -0.984094 1.825342 1.825342 1.825342
"}
