object={
	name="Brown_bear"
	render_pass=MapUnderWater
	clamp_to_water_level=yes
	generated_content=no
	layer="gh_animals"
	entity="brown_bear_entity"
	count=11
	transform="3325.088135 0.000000 2368.501465 0.000000 -0.326273 -0.000000 -0.945276 0.723856 0.723856 0.723856
3152.994873 0.000000 2383.643555 0.000000 -0.575122 0.000000 -0.818067 0.214215 0.214215 0.214215
3152.079346 0.000000 2384.656250 0.000000 -0.248646 0.000000 0.968594 0.214215 0.214215 0.214215
3153.019775 0.000000 2384.785645 0.000000 0.366954 0.000000 0.930239 0.411462 0.411462 0.411462
3179.133057 0.000000 2292.816895 0.000000 -0.780368 0.000000 -0.625320 0.516626 0.516626 0.516626
2889.226562 0.000000 2168.015137 0.000000 0.594757 0.000000 0.803906 0.618013 0.618013 0.618013
3155.419678 0.000000 2757.690674 0.000000 -0.923901 0.000000 -0.382632 1.000000 1.000000 1.000000
3168.472900 0.000000 2797.697754 0.000000 0.000000 0.000000 1.000000 0.577881 0.577881 0.577881
3352.161377 0.000000 2840.482178 0.000000 0.000000 0.000000 1.000000 1.000000 1.000000 1.000000
2359.041504 0.000000 2528.033691 0.000000 0.000000 0.000000 1.000000 1.000000 1.000000 1.000000
2590.776855 0.000000 2197.888428 0.000000 0.539433 0.000000 0.842029 1.000000 1.000000 1.000000
"}
object={
	name="Camel"
	render_pass=MapUnderWater
	clamp_to_water_level=yes
	generated_content=no
	layer="gh_animals"
	entity="camel_entity"
	count=14
	transform="595.947815 0.000000 1221.265503 0.000000 -0.746071 0.000000 -0.665866 1.000000 1.000000 1.000000
802.656555 0.000000 1308.042358 0.000000 0.000000 0.000000 1.000000 1.000000 1.000000 1.000000
405.701294 0.000000 1288.929688 0.000000 0.000000 0.000000 1.000000 1.000000 1.000000 1.000000
2434.188232 0.000000 233.173996 0.000000 -0.999985 0.000000 0.005458 0.771781 0.771781 0.771781
2435.954102 0.000000 233.415405 0.000000 -0.973419 0.000000 -0.229032 0.716309 0.716309 0.716309
2368.019043 0.000000 241.609177 0.000000 -0.959808 0.000000 0.280659 0.716309 0.716309 0.716309
2894.326416 0.000000 570.118530 0.000000 0.000000 0.000000 1.000000 1.000000 1.000000 1.000000
2896.779053 0.000000 568.090942 0.000000 0.452751 0.000000 0.891637 0.721924 0.721924 0.721924
1800.587769 0.000000 1430.999634 0.000000 0.000000 0.000000 1.000000 1.000000 1.000000 1.000000
629.129089 0.000000 1257.660889 0.000000 0.000000 0.000000 1.000000 1.000000 1.000000 1.000000
635.834534 0.000000 1250.588867 0.000000 0.701291 0.000000 0.712875 1.000000 1.000000 1.000000
2547.155762 0.000000 1071.301392 0.000000 -0.903196 -0.000000 -0.429229 0.581260 0.581260 0.581260
2557.940674 0.000000 1030.015015 0.000000 0.464845 0.000000 0.885392 0.581260 0.581260 0.581260
2556.619873 0.000000 1031.506836 0.000000 0.000000 0.000000 1.000000 0.516900 0.516900 0.516900
"}
object={
	name="Crocodile"
	render_pass=MapUnderWater
	clamp_to_water_level=yes
	generated_content=no
	layer="gh_animals"
	entity="crocodile_entity"
	count=24
	transform="1869.313965 0.000000 773.562012 0.000000 0.000000 0.000000 1.000000 1.000000 1.000000 1.000000
2060.558350 0.000000 990.934937 0.000000 0.000000 0.000000 1.000000 1.000000 1.000000 1.000000
2394.973389 0.000000 254.202209 0.000000 -0.864333 0.000000 0.502919 1.000000 1.000000 1.000000
2830.521240 0.000000 67.247887 0.000000 0.000000 0.000000 1.000000 1.000000 1.000000 1.000000
2855.248779 0.000000 3.025583 0.000000 -0.871008 0.000000 0.491268 0.775293 0.775293 0.775293
3169.400391 0.000000 11.967472 0.000000 -0.599781 0.000000 -0.800164 3.247632 3.247632 3.247632
3156.486084 0.000000 12.590965 0.000000 -0.660738 0.000000 0.750616 1.000000 1.000000 1.000000
3167.506104 0.000000 14.382370 0.000000 0.541051 0.000000 0.840990 1.000000 1.000000 1.000000
2938.186523 0.000000 215.580429 0.000000 0.000000 0.000000 1.000000 1.000000 1.000000 1.000000
2988.909180 0.000000 283.114258 0.000000 -0.531158 0.000000 0.847273 1.000000 1.000000 1.000000
2929.387451 0.000000 295.452972 0.000000 -0.351069 0.000000 -0.936350 1.000000 1.000000 1.000000
2873.980957 0.000000 276.102203 0.000000 0.467248 0.000000 0.884126 1.000000 1.000000 1.000000
2800.205811 0.000000 264.160858 0.000000 0.787592 0.000000 0.616197 1.000000 1.000000 1.000000
2663.220459 0.000000 591.208557 0.000000 0.000000 0.000000 1.000000 1.000000 1.000000 1.000000
2531.098633 0.000000 1053.356934 0.000000 0.000000 0.000000 1.000000 0.808569 0.808569 0.808569
1360.556030 0.000000 1503.725464 0.000000 0.447123 0.000000 0.894472 1.000000 1.000000 1.000000
5804.163574 0.000000 506.929352 0.000000 -0.431621 0.000000 0.902055 1.000000 1.000000 1.000000
5682.668457 0.000000 486.637054 0.000000 0.565478 0.000000 0.824763 1.000000 1.000000 1.000000
5681.481934 0.000000 549.834534 0.000000 0.513489 0.000000 0.858096 1.000000 1.000000 1.000000
5673.257812 0.000000 440.685211 0.000000 -0.876000 0.000000 0.482311 1.000000 1.000000 1.000000
5572.130859 0.000000 422.283417 0.000000 0.304940 0.000000 0.952372 1.000000 1.000000 1.000000
5658.804688 0.000000 474.032257 0.000000 -0.048382 0.000000 0.998829 1.946733 1.946733 1.946733
5635.300781 0.000000 559.002380 0.000000 0.371548 0.000000 0.928414 1.000000 1.000000 1.000000
5678.691406 0.000000 596.981445 0.000000 0.000000 0.000000 1.000000 1.000000 1.000000 1.000000
"}
object={
	name="Eagle"
	render_pass=MapUnderWater
	clamp_to_water_level=yes
	generated_content=no
	layer="gh_animals"
	entity="eagle_entity"
	count=30
	transform="3012.227783 5.941895 1763.435425 0.000000 -0.629807 0.000000 0.776752 1.149756 1.149756 1.149756
2727.674072 2.653687 2062.675293 0.000000 0.000000 0.000000 1.000000 1.000000 1.000000 1.000000
3152.357178 10.530273 2583.520996 0.000000 0.000000 0.000000 1.000000 1.000000 1.000000 1.000000
2190.500732 12.879517 2558.612305 0.000000 0.000000 0.000000 1.000000 1.000000 1.000000 1.000000
3274.505615 10.356445 2380.954590 0.000000 -0.834135 0.000000 -0.551560 2.025049 2.025049 2.025049
3375.542725 9.394775 2348.685547 0.000000 0.000000 0.000000 1.000000 2.025049 2.025049 2.025049
3177.969482 7.838501 2352.734863 0.000000 0.000000 0.000000 1.000000 1.000000 1.000000 1.000000
3221.692871 0.000000 30.100521 0.000000 0.000000 0.000000 1.000000 1.000000 1.000000 1.000000
3250.569580 22.740204 124.358879 0.000000 0.000000 0.000000 1.000000 7.272120 7.272120 7.272120
3269.290283 19.097092 116.045975 0.000000 0.640916 0.000000 0.767611 1.000000 1.000000 1.000000
3250.741211 27.710480 126.329849 0.000000 -0.963039 0.000000 0.269363 1.000000 1.000000 1.000000
2799.257568 0.000000 457.873871 0.000000 0.000000 0.000000 1.000000 1.000000 1.000000 1.000000
2864.332275 7.771729 2182.422852 0.000000 0.000000 0.000000 1.000000 1.378387 1.378387 1.378387
2864.455566 7.771729 2176.248779 0.000000 0.000000 0.000000 1.000000 1.000000 1.000000 1.000000
3020.332764 10.167480 2644.758545 0.000000 0.999974 0.000000 -0.007268 1.454471 1.454471 1.454471
3025.532959 33.167969 2631.064697 0.000000 0.000000 0.000000 1.000000 1.454471 1.454471 1.454471
3025.524170 33.167969 2631.054199 0.000000 0.000000 0.000000 1.000000 3.088875 3.088875 3.088875
3193.769531 6.615234 2774.436035 0.000000 0.000000 0.000000 1.000000 1.000000 1.000000 1.000000
3301.294434 1.166992 2898.619873 0.000000 0.000000 0.000000 1.000000 1.000000 1.000000 1.000000
3342.042969 16.270752 2825.918457 0.000000 0.000000 0.000000 1.000000 1.000000 1.000000 1.000000
444.705963 0.000000 1201.545898 0.000000 0.000000 0.000000 1.000000 1.000000 1.000000 1.000000
1460.413574 -0.468018 1689.790405 0.000000 0.998688 0.000000 0.051212 1.000000 1.000000 1.000000
1492.141235 10.700439 1696.354858 0.000000 0.000000 0.000000 1.000000 1.000000 1.000000 1.000000
2516.276123 7.284668 1073.824585 0.000000 -0.673627 0.000000 0.739072 1.000000 1.000000 1.000000
2514.816895 5.176514 1071.163818 0.000000 0.000000 0.000000 1.000000 1.000000 1.000000 1.000000
2371.985840 6.279541 2594.408936 0.000000 0.000000 0.000000 1.000000 1.000000 1.000000 1.000000
5749.674805 4.331268 448.883636 0.000000 0.000000 0.000000 1.000000 1.000000 1.000000 1.000000
5689.340820 17.847015 432.289062 0.000000 0.000000 0.000000 1.000000 0.398383 0.398383 0.398383
5678.387207 5.248688 452.477478 0.000000 0.000000 0.000000 1.000000 0.349957 0.349957 0.349957
5697.127441 11.697449 449.593384 0.000000 0.000000 0.000000 1.000000 0.498599 0.498599 0.498599
"}
object={
	name="elephant_african"
	render_pass=MapUnderWater
	clamp_to_water_level=yes
	generated_content=no
	layer="gh_animals"
	entity="elephant_african_entity"
	count=10
	transform="2926.295654 0.000000 776.537231 0.000000 -0.983729 0.000000 -0.179656 1.000000 1.000000 1.000000
2860.522705 0.000000 826.945312 0.000000 -0.508753 0.000000 -0.860913 1.000000 1.000000 1.000000
2467.998535 0.000000 305.985413 0.000000 -0.736101 0.000000 -0.676872 0.538977 0.538977 0.538977
2468.360352 0.000000 308.622284 0.000000 0.356427 0.000000 0.934323 1.000000 1.000000 1.000000
5680.265625 -0.448578 454.703705 0.000000 0.100356 0.000000 0.994952 0.449365 0.449365 0.449365
5681.006348 -0.537140 454.448242 0.000000 0.223321 0.000000 0.974745 0.208838 0.208838 0.208838
5616.480957 0.000000 730.495361 0.000000 -0.162665 0.000000 0.986681 0.544663 0.544663 0.544663
5615.572754 0.000000 730.254089 0.000000 -0.127278 0.000000 0.991867 0.260459 0.260459 0.260459
5625.146973 0.000000 727.804932 0.000000 0.587224 0.000000 0.809425 0.439812 0.439812 0.439812
5625.084961 0.000000 722.093201 0.000000 0.847906 0.000000 0.530146 0.274382 0.274382 0.274382
"}
object={
	name="giraffe"
	render_pass=MapUnderWater
	clamp_to_water_level=yes
	generated_content=no
	layer="gh_animals"
	entity="giraffe_entity"
	count=0
}
object={
	name="Morrigon_dragon"
	render_pass=MapUnderWater
	clamp_to_water_level=yes
	generated_content=no
	layer="gh_animals"
	entity="dragon_01_entity"
	count=1
	transform="3646.322021 0.000000 3290.871338 0.000000 -0.799764 0.000000 -0.600315 0.168273 0.168273 0.168273
"}
object={
	name="Polar_bear"
	render_pass=MapUnderWater
	clamp_to_water_level=yes
	generated_content=no
	layer="gh_animals"
	entity="polar_bear_entity"
	count=0
}
object={
	name="seagull"
	render_pass=Map
	clamp_to_water_level=yes
	generated_content=no
	layer="gh_animals"
	entity="gh_seagull_port_entity"
	count=72
	transform="2288.204834 0.000000 1821.101807 0.000000 0.000000 0.000000 1.000000 1.000000 1.000000 1.000000
3056.747803 0.000000 1556.537354 0.000000 0.998236 0.000000 0.059378 1.000000 1.000000 1.000000
2733.020752 0.000000 1667.152832 0.000000 0.000000 0.000000 1.000000 1.000000 1.000000 1.000000
2737.602783 0.000000 2369.091797 0.000000 0.000000 0.000000 1.000000 1.000000 1.000000 1.000000
2723.804443 0.000000 1987.032959 0.000000 0.000000 0.000000 1.000000 1.000000 1.000000 1.000000
601.754272 0.000000 1401.912720 0.000000 0.000000 0.000000 1.000000 1.000000 1.000000 1.000000
1493.823364 0.000000 1620.540405 0.000000 0.000000 0.000000 1.000000 1.000000 1.000000 1.000000
1973.259277 0.000000 1473.901489 0.000000 0.000000 0.000000 1.000000 1.000000 1.000000 1.000000
2244.962158 0.000000 2380.280762 0.000000 0.000000 0.000000 1.000000 1.000000 1.000000 1.000000
3084.571045 3.012695 2371.323242 0.000000 0.000000 0.000000 1.000000 1.000000 1.000000 1.000000
2546.405518 0.754456 1546.767578 0.000000 0.000000 0.000000 1.000000 1.000000 1.000000 1.000000
2430.894531 3.409973 311.097260 0.000000 0.652891 0.000000 0.757452 1.000000 1.000000 1.000000
2422.264404 3.409973 315.914093 0.000000 0.000000 0.000000 1.000000 1.000000 1.000000 1.000000
2377.562744 3.360382 266.602600 0.000000 0.000000 0.000000 1.000000 1.000000 1.000000 1.000000
2989.009277 0.000000 168.312271 0.000000 0.000000 0.000000 1.000000 1.000000 1.000000 1.000000
2996.569580 0.000000 311.095886 0.000000 0.000000 0.000000 1.000000 1.000000 1.000000 1.000000
2904.146729 0.000000 263.639648 0.000000 0.000000 0.000000 1.000000 1.000000 1.000000 1.000000
2774.817383 0.000000 281.675110 0.000000 0.000000 0.000000 1.000000 1.000000 1.000000 1.000000
2614.563232 0.000000 453.408081 0.000000 0.000000 0.000000 1.000000 1.000000 1.000000 1.000000
2619.317871 0.000000 439.437988 0.000000 -0.959696 0.000000 0.281040 0.875391 0.875391 0.875391
2702.939453 0.000000 592.984558 0.000000 0.000000 0.000000 1.000000 1.000000 1.000000 1.000000
2867.061523 14.242355 124.089165 0.000000 0.000000 0.000000 1.000000 1.272041 1.272041 1.272041
2692.057373 8.204834 2391.243896 0.000000 0.000000 0.000000 1.000000 1.000000 1.000000 1.000000
1819.659180 0.000000 1431.967041 0.000000 0.000000 0.000000 1.000000 1.000000 1.000000 1.000000
1849.386719 -3.339722 1486.358765 0.000000 -0.988805 0.000000 -0.149210 1.000000 1.000000 1.000000
3359.191650 0.000000 2840.947021 0.000000 0.000000 0.000000 1.000000 1.000000 1.000000 1.000000
566.728516 0.000000 1267.933472 0.000000 0.000000 0.000000 1.000000 1.000000 1.000000 1.000000
545.101257 0.000000 1271.430786 0.000000 0.000000 0.000000 1.000000 1.000000 1.000000 1.000000
530.979675 0.000000 1356.750732 0.000000 0.000000 0.000000 1.000000 1.000000 1.000000 1.000000
1493.699341 0.000000 1636.659912 0.000000 0.979629 0.000000 0.200815 1.000000 1.000000 1.000000
1424.416016 0.000000 1601.942383 0.000000 0.000000 0.000000 1.000000 1.000000 1.000000 1.000000
1541.491211 0.000000 1705.731445 0.000000 0.000000 0.000000 1.000000 1.000000 1.000000 1.000000
1505.688477 0.000000 1735.247925 0.000000 0.000000 0.000000 1.000000 1.000000 1.000000 1.000000
1447.148438 0.000000 1751.435791 0.000000 0.000000 0.000000 1.000000 1.000000 1.000000 1.000000
2543.989990 0.000000 1075.690552 0.000000 0.000000 0.000000 1.000000 1.000000 1.000000 1.000000
1351.330200 0.000000 1512.372314 0.000000 0.000000 0.000000 1.000000 1.000000 1.000000 1.000000
1358.939819 0.000000 1500.853149 0.000000 0.000000 0.000000 1.000000 1.000000 1.000000 1.000000
3561.890381 0.000000 1476.662720 0.000000 0.000000 0.000000 1.000000 1.000000 1.000000 1.000000
2390.242432 -1.375244 2470.639893 0.000000 -0.435004 0.000000 0.900429 1.000000 1.000000 1.000000
2391.159912 0.000000 2484.186768 0.000000 -0.961494 0.000000 0.274825 1.000000 1.000000 1.000000
2409.440918 3.320557 2477.448486 0.000000 -0.494777 0.000000 0.869020 1.000000 1.000000 1.000000
2311.630859 -1.860352 2499.036133 0.000000 0.000000 0.000000 1.000000 1.000000 1.000000 1.000000
2357.979736 0.000000 2477.641357 0.000000 0.818959 0.000000 0.573852 1.000000 1.000000 1.000000
2363.344238 -2.941406 2489.929932 0.000000 0.000000 0.000000 1.000000 1.000000 1.000000 1.000000
2387.156494 0.000000 2510.750488 0.000000 0.000000 0.000000 1.000000 1.000000 1.000000 1.000000
2406.861328 4.398682 2519.381836 0.000000 -0.813511 0.000000 0.581549 0.848996 0.848996 0.848996
2329.180176 0.000000 2427.300049 0.000000 0.000000 0.000000 1.000000 1.000000 1.000000 1.000000
2285.856445 0.000000 2474.279053 0.000000 0.000000 0.000000 1.000000 1.000000 1.000000 1.000000
2414.310059 0.000000 2402.256104 0.000000 0.000000 0.000000 1.000000 1.000000 1.000000 1.000000
2463.006836 0.000000 2388.187988 0.000000 0.000000 0.000000 1.000000 1.000000 1.000000 1.000000
2468.806152 0.000000 2400.815674 0.000000 0.000000 0.000000 1.000000 1.000000 1.000000 1.000000
2423.892822 0.000000 2431.784424 0.000000 0.000000 0.000000 1.000000 1.000000 1.000000 1.000000
2457.061523 0.000000 2439.985840 0.000000 0.000000 0.000000 1.000000 1.000000 1.000000 1.000000
2408.614990 2.082764 2447.159424 0.000000 -0.511576 0.000000 0.859238 1.000000 1.000000 1.000000
2402.705811 0.000000 2464.852539 0.000000 0.849247 0.000000 0.527996 1.000000 1.000000 1.000000
2396.115723 0.000000 2456.205811 0.000000 0.000000 0.000000 1.000000 1.000000 1.000000 1.000000
2617.147461 0.000000 2279.095703 0.000000 0.000000 0.000000 1.000000 1.000000 1.000000 1.000000
2581.591553 0.000000 2253.056152 0.000000 -0.828470 0.000000 -0.560033 1.000000 1.000000 1.000000
2534.327637 2.401611 2241.407959 0.000000 0.985447 0.000000 -0.169982 1.000000 1.000000 1.000000
2805.999512 0.000000 1958.229858 0.000000 0.000000 0.000000 1.000000 1.000000 1.000000 1.000000
2780.542480 0.000000 1980.649048 0.000000 0.000000 0.000000 1.000000 1.000000 1.000000 1.000000
4788.173828 0.000000 109.959541 0.000000 0.000000 0.000000 1.000000 1.000000 1.000000 1.000000
4571.682617 0.000000 46.916653 0.000000 0.000000 0.000000 1.000000 1.000000 1.000000 1.000000
4590.054688 0.000000 52.998058 0.000000 0.000000 0.000000 1.000000 1.000000 1.000000 1.000000
5527.469238 0.000000 377.375610 0.000000 0.000000 0.000000 1.000000 1.000000 1.000000 1.000000
5537.913574 0.000000 314.354889 0.000000 0.000000 0.000000 1.000000 1.000000 1.000000 1.000000
5639.947754 0.000000 551.002930 0.000000 0.000000 0.000000 1.000000 1.000000 1.000000 1.000000
5667.531738 0.000000 561.022644 0.000000 0.000000 0.000000 1.000000 1.000000 1.000000 1.000000
5693.920410 0.000000 521.810791 0.000000 0.000000 0.000000 1.000000 1.000000 1.000000 1.000000
4002.396973 0.000000 589.536926 0.000000 0.000000 0.000000 1.000000 1.000000 1.000000 1.000000
3957.091797 0.000000 615.775879 0.000000 0.000000 0.000000 1.000000 1.000000 1.000000 1.000000
3977.942627 0.000000 643.546326 0.000000 0.000000 0.000000 1.000000 1.000000 1.000000 1.000000
"}
object={
	name="Seals"
	render_pass=MapUnderWater
	clamp_to_water_level=yes
	generated_content=no
	layer="gh_animals"
	entity="seal_entity"
	count=0
}
object={
	name="whales"
	render_pass=MapUnderWater
	clamp_to_water_level=yes
	generated_content=no
	layer="gh_animals"
	entity="whale_entity"
	count=19
	transform="2674.868896 0.000000 1370.491943 0.000000 0.000000 0.000000 1.000000 1.443402 1.443402 1.443402
3223.258057 0.000000 818.636841 0.000000 0.000000 0.000000 1.000000 1.000000 1.000000 1.000000
3622.018799 0.000000 1106.348389 0.000000 0.000000 0.000000 1.000000 1.000000 1.000000 1.000000
2125.268799 0.000000 1293.667358 0.000000 0.000000 0.000000 1.000000 1.000000 1.000000 1.000000
893.301270 0.000000 1887.891968 0.000000 0.000000 0.000000 1.000000 1.000000 1.000000 1.000000
2506.972412 0.000000 2353.945312 0.000000 0.000000 0.000000 1.000000 1.000000 1.000000 1.000000
3088.375244 0.000000 2363.964355 0.000000 0.271600 0.000000 0.962410 0.116931 0.116931 0.116931
3087.960205 0.000000 2364.467773 0.000000 0.152268 0.000000 0.988339 0.116931 0.116931 0.116931
3087.960205 0.000000 2364.467773 0.000000 0.000000 0.000000 1.000000 0.116931 0.116931 0.116931
2842.953857 0.000000 514.901123 0.000000 0.305588 0.000000 -0.952164 1.457994 1.457994 1.457994
2831.233887 0.000000 367.053802 0.000000 -0.320150 0.000000 -0.947367 1.035636 1.035636 1.035636
2694.457031 0.000000 423.310638 0.000000 -0.320150 0.000000 -0.947367 1.035636 1.035636 1.035636
3001.088867 0.000000 401.775330 0.000000 -0.947343 0.000000 -0.320221 1.311941 1.311941 1.311941
2822.022705 0.000000 368.821106 0.000000 -0.947343 0.000000 -0.320221 1.311941 1.311941 1.311941
2803.403320 0.000000 455.642883 0.000000 -0.994529 0.000000 -0.104458 2.530770 2.530770 2.530770
2775.878662 0.000000 513.884216 0.000000 0.000000 0.000000 1.000000 1.454846 1.454846 1.454846
2763.003906 0.000000 352.685150 0.000000 0.000000 0.000000 1.000000 1.000000 1.000000 1.000000
3089.543213 0.000000 101.864899 0.000000 0.000000 0.000000 1.000000 1.000000 1.000000 1.000000
569.526123 -0.293213 1330.016479 0.000000 0.000000 0.000000 1.000000 1.000000 1.000000 1.000000
"}
object={
	name="zebra"
	render_pass=MapUnderWater
	clamp_to_water_level=yes
	generated_content=no
	layer="gh_animals"
	entity="zebra_entity"
	count=1
	transform="3362.604248 0.000000 2825.905029 0.000000 0.907374 0.000000 0.420325 1.000000 1.000000 1.000000
"}
