object={
	name="big_statue"
	render_pass=MapUnderWater
	clamp_to_water_level=no
	generated_content=no
	layer="gh_special_buildings"
	pdxmesh="broken_statue_mesh"
	count=6
	transform="3100.345947 -4.462585 1269.954590 0.000000 0.485707 0.000000 0.874122 1.635905 1.635905 1.635905
2727.752197 0.000000 2490.443604 0.000000 0.550894 0.000000 0.834575 1.264819 1.264819 1.264819
2392.119141 0.000000 2229.890381 0.000000 -0.976402 0.000000 0.215962 0.180354 0.180354 0.180354
3406.137939 3.064453 2400.626953 0.000000 0.162888 0.000000 0.986645 0.534204 0.534204 0.534204
2993.796143 5.307281 171.669067 0.000000 -0.341900 0.000000 0.939736 0.449658 0.449658 0.449658
2383.757324 -1.152832 2531.461914 0.000000 0.000000 0.000000 1.000000 1.000000 1.000000 1.000000
"}
object={
	name="borobudur temple"
	render_pass=Map
	clamp_to_water_level=no
	generated_content=no
	layer="gh_special_buildings"
	pdxmesh="building_special_borobudur_temple_mesh"
	count=1
	transform="5530.077148 0.000000 476.272095 0.000000 0.480282 0.000000 0.877114 0.638690 0.638690 0.638690
"}
object={
	name="celtic_round_tower_01"
	render_pass=MapUnderWater
	clamp_to_water_level=no
	generated_content=no
	layer="gh_special_buildings"
	entity="building_celtic_round_tower_01_entity"
	count=2
	transform="2393.904541 -2.607178 2407.444336 0.000000 0.000000 0.000000 1.000000 0.909570 0.909570 0.909570
5748.512207 0.094208 448.493774 0.000000 -0.848327 0.000000 0.529472 0.508017 0.508017 0.508017
"}
object={
	name="dome_of_the_rock"
	render_pass=MapUnderWater
	clamp_to_water_level=no
	generated_content=no
	layer="gh_special_buildings"
	pdxmesh="special_dome_of_the_rock_mesh"
	count=3
	transform="1465.185059 -5.409302 1685.913452 0.000000 -0.810809 0.000000 -0.585311 1.137280 1.137280 1.137280
1460.090942 -1.915283 1681.916870 0.000000 -0.920949 0.000000 -0.389684 1.137280 1.137280 1.137280
1459.963257 -0.921509 1681.782227 0.000000 0.000000 0.000000 1.000000 1.000000 1.000000 1.000000
"}
object={
	name="gh_shipwreck_aft"
	render_pass=MapUnderWater
	clamp_to_water_level=no
	generated_content=no
	layer="gh_special_buildings"
	pdxmesh="gh_shipwreck_aft_mesh"
	count=5
	transform="639.655212 0.000000 1131.332031 0.000000 0.000000 0.000000 1.000000 4.802406 4.802406 4.802406
4021.658691 0.000000 810.648254 0.000000 0.000000 0.000000 1.000000 3.026306 3.026306 3.026306
2410.428711 0.000000 2500.481445 0.000000 0.000000 0.000000 1.000000 3.170792 3.170792 3.170792
2435.384521 0.000000 2716.064453 0.000000 0.000000 0.000000 1.000000 2.540894 2.540894 2.540894
2443.907471 0.000000 2714.231689 0.000000 0.000000 0.000000 1.000000 2.549951 2.549951 2.549951
"}
object={
	name="gh_shipwreck_mast"
	render_pass=MapUnderWater
	clamp_to_water_level=no
	generated_content=no
	layer="gh_special_buildings"
	pdxmesh="gh_shipwreck_mast_mesh"
	count=5
	transform="2002.992676 9.002930 2074.335205 0.000000 -0.172557 0.000000 -0.984999 4.400851 4.400851 4.400851
3135.641357 0.570801 2709.363770 0.000000 -0.442690 0.000000 -0.896675 1.000000 1.000000 1.000000
640.356384 0.603516 1124.836792 0.000000 -0.658255 0.000000 0.752795 3.726348 3.726348 3.726348
2363.796387 4.134766 2517.497803 0.000000 0.476826 0.000000 0.878998 5.601134 5.601134 5.601134
2444.449219 0.954590 2715.001953 0.000000 -0.979978 0.000000 -0.199104 3.999732 3.999732 3.999732
"}
object={
	name="gh_shipwreck_whole"
	render_pass=MapUnderWater
	clamp_to_water_level=no
	generated_content=no
	layer="gh_special_buildings"
	pdxmesh="gh_shipwreck_whole_mesh"
	count=8
	transform="2003.877319 7.739258 2075.251221 0.000000 0.072066 0.000000 0.997400 3.634688 3.634688 3.634688
3135.789307 0.200439 2709.328613 0.000000 0.892930 0.000000 -0.450196 1.000000 1.000000 1.000000
4034.717285 0.000000 907.217896 0.000000 0.000000 0.000000 1.000000 2.003326 2.003326 2.003326
4002.412598 -0.178406 951.444275 0.000000 0.000000 0.000000 1.000000 2.286151 2.286151 2.286151
2435.499756 0.310059 2496.006836 0.000000 -0.892948 0.000000 0.450160 3.137431 3.137431 3.137431
2374.057861 0.000000 2400.901367 0.000000 0.000000 0.000000 1.000000 4.177679 4.177679 4.177679
2416.911865 0.000000 2720.903320 0.000000 -0.775157 0.000000 0.631769 2.903467 2.903467 2.903467
2446.913330 0.177490 2706.277344 0.000000 -0.751164 0.000000 0.660116 2.516065 2.516065 2.516065
"}
object={
	name="great_wall_01"
	render_pass=MapUnderWater
	clamp_to_water_level=no
	generated_content=no
	layer="gh_special_buildings"
	pdxmesh="chinese_great_wall_01_mesh"
	count=0
}
object={
	name="great_wall_02"
	render_pass=MapUnderWater
	clamp_to_water_level=no
	generated_content=no
	layer="gh_special_buildings"
	pdxmesh="chinese_great_wall_02_mesh"
	count=0
}
object={
	name="great_wall_03"
	render_pass=MapUnderWater
	clamp_to_water_level=no
	generated_content=no
	layer="gh_special_buildings"
	pdxmesh="chinese_great_wall_03_mesh"
	count=0
}
object={
	name="great_wall_04"
	render_pass=MapUnderWater
	clamp_to_water_level=no
	generated_content=no
	layer="gh_special_buildings"
	pdxmesh="chinese_great_wall_04_mesh"
	count=1
	transform="2698.693848 -0.710449 2381.553467 0.000000 -0.922682 0.000000 -0.385563 1.000000 1.000000 1.000000
"}
object={
	name="great_wall_tower_01"
	render_pass=MapUnderWater
	clamp_to_water_level=no
	generated_content=no
	layer="gh_special_buildings"
	pdxmesh="chinese_great_wall_tower_01_mesh"
	count=4
	transform="2702.538086 0.000000 2378.669678 0.000000 0.000000 0.000000 1.000000 1.000000 1.000000 1.000000
479.887817 -0.621582 1289.052734 0.000000 0.295392 0.000000 0.955376 1.000000 1.000000 1.000000
3560.489746 0.000000 1461.654175 0.000000 -0.005524 0.000000 0.999985 0.535828 0.535828 0.535828
3555.272705 0.000000 1446.038940 0.000000 0.434152 0.000000 0.900840 0.535828 0.535828 0.535828
"}
object={
	name="great_wall_tower_02"
	render_pass=MapUnderWater
	clamp_to_water_level=no
	generated_content=no
	layer="gh_special_buildings"
	pdxmesh="chinese_great_wall_tower_02_mesh"
	count=9
	transform="2693.937744 0.433350 2391.044189 0.000000 -0.340236 0.000000 0.940340 1.440747 1.440747 1.440747
455.540436 0.000000 1211.236328 0.000000 0.000000 0.000000 1.000000 1.000000 1.000000 1.000000
4220.744141 -0.481323 1041.777100 0.000000 -0.312893 0.000000 0.949788 0.559009 0.559009 0.559009
3587.078125 0.000000 1402.533691 0.000000 0.662432 0.000000 0.749122 1.000000 1.000000 1.000000
3594.644531 0.000000 1403.191162 0.000000 0.671662 0.000000 0.740857 1.000000 1.000000 1.000000
3594.644531 0.000000 1403.191162 0.000000 0.671662 0.000000 0.740857 1.000000 1.000000 1.000000
3594.644531 0.000000 1403.191162 0.000000 0.671662 0.000000 0.740857 1.000000 1.000000 1.000000
5561.415039 0.000000 287.239075 0.000000 0.544869 0.000000 0.838521 1.000000 1.000000 1.000000
5562.712891 0.000000 309.694550 0.000000 0.967832 0.000000 0.251596 1.000000 1.000000 1.000000
"}
object={
	name="great_wall_tower_03"
	render_pass=MapUnderWater
	clamp_to_water_level=no
	generated_content=no
	layer="gh_special_buildings"
	pdxmesh="chinese_great_wall_tower_03_mesh"
	count=3
	transform="436.513428 -1.687622 1207.080688 0.000000 0.000000 0.000000 1.000000 1.000000 1.000000 1.000000
4232.148926 -1.033691 1020.008118 0.000000 -0.199220 0.000000 0.979955 0.470327 0.470327 0.470327
4233.446289 -1.033691 1024.243042 0.000000 0.000000 0.000000 1.000000 0.470327 0.470327 0.470327
"}
object={
	name="prambanan temple"
	render_pass=Map
	clamp_to_water_level=no
	generated_content=no
	layer="gh_special_buildings"
	pdxmesh="building_special_prambanan_temple_mesh"
	count=11
	transform="1105.397217 -14.350769 810.226685 0.000000 0.000000 0.000000 1.000000 3.697928 3.697928 3.697928
5368.970703 -0.884521 1116.093628 0.000000 -0.448556 0.000000 0.893755 0.314736 0.314736 0.314736
5214.525879 -2.981384 688.941772 0.000000 0.000000 0.000000 1.000000 1.000000 1.000000 1.000000
5370.080078 -3.555481 688.709839 0.000000 0.271570 0.000000 0.962419 1.000000 1.000000 1.000000
5331.443359 -4.279602 716.280884 0.000000 -0.266986 0.000000 0.963701 1.000000 1.000000 1.000000
5303.030273 -2.563171 570.392456 0.000000 -0.273332 0.000000 0.961920 0.823352 0.823352 0.823352
5366.642578 -3.404907 600.625854 0.000000 0.423621 0.000000 0.905840 1.000000 1.000000 1.000000
5232.142578 -3.065247 583.032043 0.000000 0.280956 0.000000 0.959721 1.000000 1.000000 1.000000
5200.908203 -3.198486 638.623596 0.000000 0.725841 0.000000 0.687863 1.000000 1.000000 1.000000
5261.910645 -2.442322 722.881104 0.000000 -0.167240 0.000000 0.985916 1.000000 1.000000 1.000000
5530.128906 0.000000 476.351898 0.000000 0.461978 0.000000 0.886891 0.659338 0.659338 0.659338
"}
object={
	name="sba_asen_fortress_01"
	render_pass=MapUnderWater
	clamp_to_water_level=no
	generated_content=no
	layer="gh_special_buildings"
	pdxmesh="sba_asen_fortress_01_mesh"
	count=1
	transform="4004.375488 3.352966 1007.150818 0.000000 -0.821960 0.000000 0.569545 1.000000 1.000000 1.000000
"}
object={
	name="sba_laach_abbey_01"
	render_pass=MapUnderWater
	clamp_to_water_level=no
	generated_content=no
	layer="gh_special_buildings"
	pdxmesh="sba_laach_abbey_mesh"
	count=1
	transform="1460.016602 -0.993286 1681.989868 0.000000 0.358550 0.000000 0.933510 1.172900 1.172900 1.172900
"}
object={
	name="sba_mont_saint_michel_01"
	render_pass=MapUnderWater
	clamp_to_water_level=no
	generated_content=no
	layer="gh_special_buildings"
	pdxmesh="sm_mont_saint_michel_01_mesh"
	count=0
}
object={
	name="sba_saint_climent_01"
	render_pass=MapUnderWater
	clamp_to_water_level=no
	generated_content=no
	layer="gh_special_buildings"
	pdxmesh="sba_sant_climent_01_mesh"
	count=0
}
object={
	name="sba_special_uppsala_domkyrka_01"
	render_pass=MapUnderWater
	clamp_to_water_level=no
	generated_content=no
	layer="gh_special_buildings"
	pdxmesh="sba_uppsala_domkyrka_mesh"
	count=0
}
object={
	name="Sophocos_broken_top"
	render_pass=MapUnderWater
	clamp_to_water_level=no
	generated_content=no
	layer="gh_special_buildings"
	entity="sophocos_broken_top_entity"
	count=2
	transform="1733.801514 -0.956665 1451.370972 0.000000 0.210331 0.000000 0.977630 1.000000 1.000000 1.000000
2377.959229 -1.157959 2397.839111 0.000000 0.000000 0.000000 1.000000 0.515820 0.515820 0.515820
"}
object={
	name="Tower_Normal"
	render_pass=MapUnderWater
	clamp_to_water_level=no
	generated_content=no
	layer="gh_special_buildings"
	entity="aersanon_tower_entity"
	count=17
	transform="2044.984985 -2.271118 1891.307861 0.000000 0.000000 0.000000 1.000000 1.787377 1.787377 1.787377
3783.191406 -0.993042 1501.006836 0.000000 0.000000 0.000000 1.000000 1.000000 1.000000 1.000000
29.278572 -0.004883 1512.994751 0.000000 0.000000 0.000000 1.000000 1.000000 1.000000 1.000000
2867.643555 2.884354 123.317657 0.000000 -0.443722 0.000000 0.896165 1.000000 1.000000 1.000000
4124.535156 0.000000 1697.054077 0.000000 0.000000 0.000000 1.000000 1.000000 1.000000 1.000000
3753.982422 0.000000 3071.229980 0.000000 0.000000 0.000000 1.000000 1.000000 1.000000 1.000000
2176.035156 0.000000 3174.669189 0.000000 0.000000 0.000000 1.000000 1.000000 1.000000 1.000000
4257.325684 -6.456543 1098.804321 0.000000 0.000000 0.000000 1.000000 1.000000 1.000000 1.000000
5417.875488 0.000000 726.808960 0.000000 -0.772838 0.000000 0.634604 1.000000 1.000000 1.000000
4381.066406 -4.630173 64.863808 0.000000 0.000000 0.000000 1.000000 1.000000 1.000000 1.000000
3176.929932 -5.949463 3.259602 0.000000 0.000000 0.000000 1.000000 1.000000 1.000000 1.000000
606.823975 0.000000 345.512360 0.000000 -0.840654 0.000000 0.541573 1.000000 1.000000 1.000000
3622.476074 0.000000 2287.167969 0.000000 0.000000 0.000000 1.000000 1.236987 1.236987 1.236987
681.781616 -3.159180 1240.700317 0.000000 0.000000 0.000000 1.000000 1.000000 1.000000 1.000000
4216.114258 -6.535339 904.334656 0.000000 0.000000 0.000000 1.000000 1.000000 1.000000 1.000000
2371.672119 -17.565674 2457.220947 0.000000 0.000000 0.000000 1.000000 1.000000 1.000000 1.000000
5368.967773 -0.427979 1116.078613 0.000000 -0.328963 0.000000 0.944343 0.133032 0.133032 0.133032
"}
object={
	name="Visby Ringmur"
	render_pass=MapUnderWater
	clamp_to_water_level=no
	generated_content=no
	layer="gh_special_buildings"
	pdxmesh="sba_visbyRingmur_mesh"
	count=0
}
object={
	name="worldeater_head_mesh"
	render_pass=MapUnderWater
	clamp_to_water_level=no
	generated_content=no
	layer="gh_special_buildings"
	entity="worldeater_head_entity"
	count=1
	transform="2527.705811 0.000000 1062.872925 0.000000 -0.845559 0.000000 0.533881 0.597191 0.597191 0.597191
"}
object={
	name="worldeater_neck_mesh"
	render_pass=MapUnderWater
	clamp_to_water_level=no
	generated_content=no
	layer="gh_special_buildings"
	entity="worldeater_neck_entity"
	count=2
	transform="2516.223633 0.000000 1072.382324 0.000000 -0.974035 0.000000 -0.226400 0.597191 0.597191 0.597191
2550.634033 0.000000 1034.018188 0.000000 0.000000 0.000000 1.000000 0.271852 0.271852 0.271852
"}
object={
	name="worldeater_tail_mesh"
	render_pass=MapUnderWater
	clamp_to_water_level=no
	generated_content=no
	layer="gh_special_buildings"
	entity="worldeater_tail_entity"
	count=4
	transform="2497.906982 0.000000 1053.434570 0.000000 -0.858557 0.000000 -0.512718 0.597191 0.597191 0.597191
2505.018799 0.000000 1092.196045 0.000000 -0.788043 0.000000 0.615620 0.184054 0.184054 0.184054
4424.394531 0.000000 1052.610474 0.000000 0.999568 0.000000 0.029410 0.282037 0.282037 0.282037
2034.922119 0.000000 2275.414307 0.000000 -0.961538 0.000000 -0.274672 0.182112 0.182112 0.182112
"}
