object={
	name="Academy_Ruins"
	render_pass=MapUnderWater
	clamp_to_water_level=yes
	generated_content=no
	layer="gh_ruins"
	entity="building_greek_academy_ruins_entity"
	count=36
	transform="3122.950928 0.000000 1754.495728 0.000000 0.000000 0.000000 1.000000 1.000000 1.000000 1.000000
3185.640869 0.273193 2352.748047 0.000000 -0.863637 0.000000 -0.504114 0.651245 0.651245 0.651245
3085.209717 -2.694458 2371.651367 0.000000 0.000000 0.000000 1.000000 4.808569 4.808569 4.808569
3069.424561 -1.795410 2348.505859 -0.000000 -0.606163 0.000000 0.795341 4.709402 4.709402 4.709402
2338.882568 0.240723 270.175201 0.000000 -0.705683 0.000000 0.708528 2.251288 2.251288 2.251288
2038.361328 -5.389282 1986.804443 0.000000 -0.060501 0.000000 -0.998168 7.985109 7.985109 7.985109
2045.918823 -6.616944 1886.832520 0.000000 0.000000 0.000000 1.000000 11.095205 11.095205 11.095205
2074.608643 3.685547 2054.706055 0.000000 0.368486 0.000000 0.929633 1.221576 1.221576 1.221576
1818.722046 -3.121582 1445.147705 0.000000 -0.748381 0.000000 -0.663269 8.325668 8.325668 8.325668
1791.821655 -1.871460 1422.673340 0.000000 -0.568683 0.000000 0.822557 5.141943 5.141943 5.141943
3120.199951 0.051270 2718.449951 0.000000 0.000000 0.000000 1.000000 2.301538 2.301538 2.301538
3125.133057 0.218994 2701.300537 0.000000 -0.597158 0.000000 0.802123 1.000000 1.000000 1.000000
3103.206543 -0.343506 2747.437012 0.000000 0.000000 0.000000 1.000000 1.000000 1.000000 1.000000
3107.864746 -0.343506 2750.262939 0.000000 0.000000 0.000000 1.000000 1.000000 1.000000 1.000000
3162.770264 0.000000 2733.271729 0.000000 0.000000 0.000000 1.000000 1.000000 1.000000 1.000000
3140.042236 0.000000 2716.027100 0.000000 0.000000 0.000000 1.000000 1.000000 1.000000 1.000000
3168.072266 0.000000 2762.931885 0.000000 0.000000 0.000000 1.000000 1.000000 1.000000 1.000000
3190.633545 0.000000 2752.085938 0.000000 0.000000 0.000000 1.000000 1.000000 1.000000 1.000000
3155.706543 -0.817871 2651.529785 0.000000 -0.994569 0.000000 -0.104082 1.000000 1.000000 1.000000
3212.280273 -0.817871 2656.937256 0.000000 -0.994569 0.000000 -0.104082 1.000000 1.000000 1.000000
3219.333496 -0.817871 2650.711670 0.000000 -0.994569 0.000000 -0.104082 1.000000 1.000000 1.000000
3255.309570 -0.817871 2724.903809 0.000000 -0.994569 0.000000 -0.104082 1.000000 1.000000 1.000000
3274.454102 -0.931885 2723.589355 0.000000 -0.894694 0.000000 0.446680 1.000000 1.000000 1.000000
3317.502686 0.000000 2711.909668 -0.000000 0.706642 0.000000 0.707571 1.000000 1.000000 1.000000
3317.165771 0.000000 2716.307373 0.000000 -0.994899 0.000000 -0.100876 1.000000 1.000000 1.000000
3317.241455 0.000000 2720.161621 0.000000 -0.994899 0.000000 -0.100876 1.000000 1.000000 1.000000
3292.603271 0.000000 2697.368896 0.000000 -0.994899 0.000000 -0.100876 1.000000 1.000000 1.000000
3302.733154 0.000000 2702.148438 0.000000 -0.994899 0.000000 -0.100876 1.000000 1.000000 1.000000
3273.951172 0.000000 2672.486328 0.000000 -0.994899 0.000000 -0.100876 1.000000 1.000000 1.000000
3274.461670 0.000000 2676.561523 0.000000 -0.994899 0.000000 -0.100876 1.000000 1.000000 1.000000
3285.848389 0.000000 2676.653809 0.000000 -0.994899 0.000000 -0.100876 1.000000 1.000000 1.000000
504.925751 -6.361816 1181.212036 0.000000 0.000000 0.000000 1.000000 16.636669 16.636669 16.636669
647.737427 0.000000 1130.736816 0.000000 0.000000 0.000000 1.000000 1.000000 1.000000 1.000000
4049.992676 -0.153320 1008.043152 0.000000 0.000000 0.000000 1.000000 1.652954 1.652954 1.652954
2535.254395 -0.117920 1060.380493 0.000000 -0.673920 0.000000 0.738804 1.324561 1.324561 1.324561
4481.007324 0.000000 1007.113586 0.000000 0.000000 0.000000 1.000000 0.927581 0.927581 0.927581
"}
object={
	name="building_greek_ruins_01_a"
	render_pass=MapUnderWater
	clamp_to_water_level=yes
	generated_content=no
	layer="gh_ruins"
	entity="building_greek_ruins_01_a_entity"
	count=15
	transform="3120.989990 0.000000 1752.669067 0.000000 0.687977 0.000000 0.725733 0.706717 0.706717 0.706717
2187.996338 -0.387817 2560.205811 0.000000 0.742962 0.000000 -0.669334 1.000000 1.000000 1.000000
2186.144043 -0.387817 2559.522217 0.000000 0.770133 0.000000 -0.637883 1.000000 1.000000 1.000000
2390.755859 -0.868378 335.335510 0.000000 0.200446 0.000000 0.979705 1.821899 1.821899 1.821899
2896.956299 -4.130711 39.858147 0.000000 -0.114070 0.000000 0.993473 2.075103 2.075103 2.075103
2963.715820 -1.311127 297.768280 0.000000 -0.485333 0.000000 0.874329 2.640741 2.640741 2.640741
1830.557007 -0.270874 1457.218994 0.000000 0.000000 0.000000 1.000000 1.000000 1.000000 1.000000
3087.978516 -0.584961 2738.820801 0.000000 0.000000 0.000000 1.000000 1.000000 1.000000 1.000000
3148.724365 -0.250732 2771.916992 0.000000 -0.527352 0.000000 0.849647 1.000000 1.000000 1.000000
3342.935059 -1.625000 2796.547607 0.000000 0.000000 0.000000 1.000000 3.334961 3.334961 3.334961
1375.409668 -0.127319 1680.320435 0.000000 0.000000 0.000000 1.000000 1.000000 1.000000 1.000000
3593.724854 0.000000 1405.554321 0.000000 -0.733126 0.000000 0.680093 0.627185 0.627185 0.627185
2376.856934 -1.166260 2431.662109 0.000000 0.000000 0.000000 1.000000 1.409912 1.409912 1.409912
4483.374512 0.000000 1006.535278 0.000000 0.190000 0.000000 0.981784 0.338464 0.338464 0.338464
4481.490234 0.000000 1009.491455 0.000000 -0.298364 0.000000 0.954452 0.375214 0.375214 0.375214
"}
object={
	name="building_greek_ruins_01_b"
	render_pass=MapUnderWater
	clamp_to_water_level=yes
	generated_content=no
	layer="gh_ruins"
	entity="building_greek_ruins_01_b_entity"
	count=13
	transform="2678.846436 0.200000 1758.064941 0.000000 0.367953 0.000000 -0.251132 0.600000 0.600000 0.600000
3089.228760 -0.991821 1262.964233 0.000000 0.291862 0.000000 0.956460 1.498993 1.498993 1.498993
2565.740479 -0.318420 1558.697266 0.000000 0.406044 0.000000 0.913853 1.000000 1.000000 1.000000
2542.234131 -0.078674 1588.835815 0.000000 0.427763 0.000000 0.903891 0.528583 0.528583 0.528583
2893.367920 -5.351685 43.622581 0.000000 -0.074485 0.000000 0.997222 2.610992 2.610992 2.610992
3187.839844 -0.635483 110.738525 0.000000 0.000000 0.000000 1.000000 1.967195 1.967195 1.967195
2700.924072 -2.913330 2399.817383 0.000000 0.801251 0.000000 0.598329 1.880029 1.880029 1.880029
2697.145264 -2.416748 2401.043701 0.000000 -0.593873 0.000000 0.804559 1.880029 1.880029 1.880029
3161.942627 -0.224609 2793.169922 0.000000 -0.938680 0.000000 0.344791 1.000000 1.000000 1.000000
3328.487793 -1.274170 2840.503906 0.000000 -0.416365 0.000000 0.909198 3.496753 3.496753 3.496753
434.712982 -0.638916 1224.447632 0.000000 0.000000 0.000000 1.000000 1.871704 1.871704 1.871704
2432.389160 -1.654053 2525.483398 0.000000 0.334088 0.000000 0.942542 1.464600 1.464600 1.464600
4483.797363 0.000000 1007.752197 0.000000 -0.417696 0.000000 0.908587 0.338464 0.338464 0.338464
"}
object={
	name="building_greek_ruins_01_c"
	render_pass=MapUnderWater
	clamp_to_water_level=yes
	generated_content=no
	layer="gh_ruins"
	entity="building_greek_ruins_01_c_entity"
	count=21
	transform="2677.346436 0.200000 1758.264893 0.000000 0.367953 0.000000 -0.251132 0.600000 0.600000 0.600000
3082.445557 -3.151428 1263.603760 0.000000 0.501559 0.000000 -0.865124 2.710319 2.710319 2.710319
3081.935303 -1.819702 1259.156738 0.000000 0.806014 0.000000 -0.591896 1.813824 1.813824 1.813824
3088.666260 -2.297424 1260.231323 0.000000 -0.451717 0.000000 0.892161 3.347153 3.347153 3.347153
2420.240967 -2.106567 1768.954346 0.000000 -0.511890 0.000000 0.859051 2.853113 2.853113 2.853113
2188.971924 -0.387329 2556.739746 0.000000 0.798025 0.000000 0.602624 1.315381 1.315381 1.315381
3123.128662 -0.316895 2375.324219 0.000000 -0.478890 0.000000 0.877875 1.000000 1.000000 1.000000
3172.629150 -0.991089 2363.100098 0.000000 0.000000 0.000000 1.000000 1.906750 1.906750 1.906750
2889.150879 -1.695175 108.534584 0.000000 -0.304708 0.000000 0.952446 2.922986 2.922986 2.922986
2993.764648 -3.500061 171.669250 0.000000 -0.356227 0.000000 0.934399 5.424885 5.424885 5.424885
2117.549316 -15.157837 1921.809082 0.000000 -0.687002 0.000000 0.726656 9.338320 9.338320 9.338320
2844.069824 -0.574219 2192.638916 0.000000 0.036622 0.000000 -0.999329 1.545801 1.545801 1.545801
2699.694336 -2.247559 2409.594727 0.000000 0.795221 0.000000 0.606319 1.875610 1.875610 1.875610
1807.860474 -0.750000 1448.495850 0.000000 0.000000 0.000000 1.000000 1.920190 1.920190 1.920190
3108.149658 -0.998047 2720.942871 0.000000 0.000000 0.000000 1.000000 1.923120 1.923120 1.923120
3114.433105 -0.526367 2704.852295 0.000000 -0.528078 0.000000 0.849196 1.000000 1.000000 1.000000
3352.217041 -1.090576 2817.590576 0.000000 0.000000 0.000000 1.000000 2.828003 2.828003 2.828003
1518.267212 -1.160400 1651.635742 0.000000 -0.871083 0.000000 0.491135 1.738013 1.738013 1.738013
1441.191772 -0.151733 1649.027344 0.000000 0.000000 0.000000 1.000000 1.426428 1.426428 1.426428
2384.743652 -3.257080 2526.295166 0.000000 0.000000 0.000000 1.000000 2.380640 2.380640 2.380640
4480.236328 0.000000 1009.439819 0.000000 0.456937 0.000000 0.889499 0.338464 0.338464 0.338464
"}
object={
	name="building_greek_ruins_02_a"
	render_pass=MapUnderWater
	clamp_to_water_level=yes
	generated_content=no
	layer="gh_ruins"
	entity="building_greek_ruins_02_a_entity"
	count=18
	transform="2677.046631 0.200000 1756.264893 0.000000 0.767953 0.000000 0.151132 0.600000 0.600000 0.600000
3155.383545 -1.610352 2305.773438 0.000000 -0.969079 0.000000 0.246749 1.770142 1.770142 1.770142
2546.679443 0.000000 1566.371704 0.000000 0.000000 0.000000 1.000000 1.000000 1.000000 1.000000
2541.698486 -0.225891 1584.977905 0.000000 -0.459649 0.000000 0.888101 1.000000 1.000000 1.000000
2813.895996 -2.412354 49.939861 0.000000 -0.350567 -0.000000 -0.936538 4.443448 4.443448 4.443448
2979.764893 -1.560883 153.832352 0.000000 -0.311472 0.000000 0.950255 3.704631 3.704631 3.704631
3271.646484 -2.490578 75.859535 0.000000 -0.704341 0.000000 0.709862 6.020294 6.020294 6.020294
1962.916382 0.000000 2024.685303 0.000000 -0.921688 0.000000 0.387932 1.000000 1.000000 1.000000
3126.689697 0.000000 1752.201172 0.000000 0.692129 0.000000 0.721774 0.851660 0.851660 0.851660
2540.817139 0.000000 1565.610107 0.000000 0.998538 0.000000 0.054046 1.000000 1.000000 1.000000
2552.164307 -0.645996 1567.008667 0.000000 0.988818 0.000000 0.149126 1.000000 1.000000 1.000000
2519.380859 -2.580322 2836.341797 0.000000 0.000000 0.000000 1.000000 3.328408 3.328408 3.328408
1833.728149 0.000000 1445.417480 0.000000 0.000000 0.000000 1.000000 1.000000 1.000000 1.000000
1823.242432 -0.743286 1415.517822 0.000000 -0.999645 0.000000 -0.026643 1.593823 1.593823 1.593823
3198.944824 -0.294189 2783.312988 0.000000 0.000000 0.000000 1.000000 1.000000 1.000000 1.000000
642.921387 -0.476440 1132.878052 0.000000 0.000000 0.000000 1.000000 0.743335 0.743335 0.743335
4239.467773 -0.463013 1114.401611 0.000000 0.000000 0.000000 1.000000 1.000000 1.000000 1.000000
4478.748535 0.000000 1010.997375 0.000000 0.000000 0.000000 1.000000 0.407104 0.407104 0.407104
"}
object={
	name="building_greek_ruins_02_c"
	render_pass=MapUnderWater
	clamp_to_water_level=yes
	generated_content=no
	layer="gh_ruins"
	entity="building_greek_ruins_02_c_entity"
	count=18
	transform="2675.546631 0.200000 1759.264893 0.000000 0.367953 0.000000 -0.251132 0.600000 0.600000 0.600000
3120.933350 0.000000 1751.422241 0.000000 0.998239 0.000000 0.059317 0.545192 0.545192 0.545192
2833.501465 -0.293701 2190.410889 0.000000 -0.059748 0.000000 0.998213 1.000000 1.000000 1.000000
2529.298340 -1.498047 2849.167480 0.000000 0.000000 0.000000 1.000000 1.570386 1.570386 1.570386
1809.331177 0.000000 1429.362793 0.000000 -0.972588 0.000000 -0.232536 1.000000 1.000000 1.000000
3148.620605 -0.357910 2754.135986 0.000000 0.000000 0.000000 1.000000 1.000000 1.000000 1.000000
3084.173096 -0.529785 2719.115967 0.000000 -0.984516 0.000000 0.175294 1.000000 1.000000 1.000000
3346.725098 0.000000 2832.764893 0.000000 0.000000 0.000000 1.000000 1.000000 1.000000 1.000000
3360.385742 -4.118164 2895.344971 0.000000 0.000000 0.000000 1.000000 3.333203 3.333203 3.333203
555.575317 -2.234009 1262.377197 0.000000 0.000000 0.000000 1.000000 2.659851 2.659851 2.659851
2531.200684 -0.347046 1034.834106 0.000000 0.000000 0.000000 1.000000 1.000000 1.000000 1.000000
3558.717529 0.000000 1465.937622 0.000000 -0.131757 0.000000 0.991282 1.000000 1.000000 1.000000
2378.769043 -0.514893 2523.687012 0.000000 0.000000 0.000000 1.000000 1.000000 1.000000 1.000000
2470.736816 -0.383545 2520.727295 0.000000 0.759702 0.000000 0.650272 1.248852 1.248852 1.248852
4482.562988 0.000000 1010.242188 0.000000 0.450355 0.000000 0.892850 0.366269 0.366269 0.366269
4483.306641 0.000000 1004.865784 0.000000 0.204002 0.000000 0.978970 0.407104 0.407104 0.407104
4479.645508 0.000000 1011.339722 0.000000 0.737195 0.000000 -0.675680 0.407104 0.407104 0.407104
2436.844238 -0.752686 2723.300537 0.000000 0.000000 0.000000 1.000000 1.000000 1.000000 1.000000
"}
object={
	name="gh_desert_ruins_base_pillar_01"
	render_pass=MapUnderWater
	clamp_to_water_level=no
	generated_content=no
	layer="gh_ruins"
	entity="gh_desert_ruins_base_pillar_01_entity"
	count=1
	transform="0.000000 0.000000 0.000000 0.000000 0.000000 0.000000 1.000000 1.000000 1.000000 1.000000
"}
object={
	name="gh_desert_ruins_broken_pillar_01"
	render_pass=MapUnderWater
	clamp_to_water_level=no
	generated_content=no
	layer="gh_ruins"
	entity="gh_desert_ruins_broken_pillar_01_entity"
	count=1
	transform="0.000000 0.000000 0.000000 0.000000 0.000000 0.000000 1.000000 1.000000 1.000000 1.000000
"}
object={
	name="gh_desert_ruins_broken_pillars_01"
	render_pass=MapUnderWater
	clamp_to_water_level=no
	generated_content=no
	layer="gh_ruins"
	entity="gh_desert_ruins_broken_pillars_01_entity"
	count=1
	transform="0.000000 0.000000 0.000000 0.000000 0.000000 0.000000 1.000000 1.000000 1.000000 1.000000
"}
object={
	name="gh_desert_ruins_broken_wall_01"
	render_pass=MapUnderWater
	clamp_to_water_level=no
	generated_content=no
	layer="gh_ruins"
	entity="gh_desert_ruins_broken_wall_01_entity"
	count=1
	transform="0.000000 0.000000 0.000000 0.000000 0.000000 0.000000 1.000000 1.000000 1.000000 1.000000
"}
object={
	name="gh_desert_ruins_door_01"
	render_pass=MapUnderWater
	clamp_to_water_level=no
	generated_content=no
	layer="gh_ruins"
	entity="gh_desert_ruins_door_01_entity"
	count=1
	transform="0.000000 0.000000 0.000000 0.000000 0.000000 0.000000 1.000000 1.000000 1.000000 1.000000
"}
object={
	name="gh_desert_ruins_open_wall_01"
	render_pass=MapUnderWater
	clamp_to_water_level=no
	generated_content=no
	layer="gh_ruins"
	entity="gh_desert_ruins_open_wall_01_entity"
	count=1
	transform="0.000000 0.000000 0.000000 0.000000 0.000000 0.000000 1.000000 1.000000 1.000000 1.000000
"}
object={
	name="gh_desert_ruins_pillars_01"
	render_pass=MapUnderWater
	clamp_to_water_level=no
	generated_content=no
	layer="gh_ruins"
	entity="gh_desert_ruins_pillars_01_entity"
	count=1
	transform="0.000000 0.000000 0.000000 0.000000 0.000000 0.000000 1.000000 1.000000 1.000000 1.000000
"}
object={
	name="gh_desert_ruins_single_pillar_01"
	render_pass=MapUnderWater
	clamp_to_water_level=no
	generated_content=no
	layer="gh_ruins"
	entity="gh_desert_ruins_single_pillar_01_entity"
	count=1
	transform="0.000000 0.000000 0.000000 0.000000 0.000000 0.000000 1.000000 1.000000 1.000000 1.000000
"}
object={
	name="gh_desert_ruins_stairs_01"
	render_pass=MapUnderWater
	clamp_to_water_level=no
	generated_content=no
	layer="gh_ruins"
	entity="gh_desert_ruins_stairs_01_entity"
	count=1
	transform="0.000000 0.000000 0.000000 0.000000 0.000000 0.000000 1.000000 1.000000 1.000000 1.000000
"}
object={
	name="gh_desert_ruins_wall_01"
	render_pass=MapUnderWater
	clamp_to_water_level=no
	generated_content=no
	layer="gh_ruins"
	entity="gh_desert_ruins_wall_01_entity"
	count=1
	transform="0.000000 0.000000 0.000000 0.000000 0.000000 0.000000 1.000000 1.000000 1.000000 1.000000
"}
object={
	name="gh_desert_ruins_wall_02"
	render_pass=MapUnderWater
	clamp_to_water_level=no
	generated_content=no
	layer="gh_ruins"
	entity="gh_desert_ruins_wall_02_entity"
	count=1
	transform="0.000000 0.000000 0.000000 0.000000 0.000000 0.000000 1.000000 1.000000 1.000000 1.000000
"}
object={
	name="gh_desert_ruins_windows_wall_01"
	render_pass=MapUnderWater
	clamp_to_water_level=no
	generated_content=no
	layer="gh_ruins"
	entity="gh_desert_ruins_windows_wall_01_entity"
	count=1
	transform="0.000000 0.000000 0.000000 0.000000 0.000000 0.000000 1.000000 1.000000 1.000000 1.000000
"}
object={
	name="gh_jungle_ruins_base_pillar_01"
	render_pass=MapUnderWater
	clamp_to_water_level=no
	generated_content=no
	layer="gh_ruins"
	entity="gh_jungle_ruins_base_pillar_01_entity"
	count=1
	transform="0.000000 0.000000 0.000000 0.000000 0.000000 0.000000 1.000000 1.000000 1.000000 1.000000
"}
object={
	name="gh_jungle_ruins_broken_pillar_01"
	render_pass=MapUnderWater
	clamp_to_water_level=no
	generated_content=no
	layer="gh_ruins"
	entity="gh_jungle_ruins_broken_pillar_01_entity"
	count=1
	transform="0.000000 0.000000 0.000000 0.000000 0.000000 0.000000 1.000000 1.000000 1.000000 1.000000
"}
object={
	name="gh_jungle_ruins_broken_wall_01"
	render_pass=MapUnderWater
	clamp_to_water_level=no
	generated_content=no
	layer="gh_ruins"
	entity="gh_jungle_ruins_broken_wall_01_entity"
	count=1
	transform="0.000000 0.000000 0.000000 0.000000 0.000000 0.000000 1.000000 1.000000 1.000000 1.000000
"}
object={
	name="gh_jungle_ruins_door_01"
	render_pass=MapUnderWater
	clamp_to_water_level=no
	generated_content=no
	layer="gh_ruins"
	entity="gh_jungle_ruins_door_01_entity"
	count=1
	transform="0.000000 0.000000 0.000000 0.000000 0.000000 0.000000 1.000000 1.000000 1.000000 1.000000
"}
object={
	name="gh_jungle_ruins_pillars_01"
	render_pass=MapUnderWater
	clamp_to_water_level=no
	generated_content=no
	layer="gh_ruins"
	entity="gh_jungle_ruins_pillars_01_entity"
	count=1
	transform="0.000000 0.000000 0.000000 0.000000 0.000000 0.000000 1.000000 1.000000 1.000000 1.000000
"}
object={
	name="gh_jungle_ruins_rocks_01"
	render_pass=MapUnderWater
	clamp_to_water_level=no
	generated_content=no
	layer="gh_ruins"
	entity="gh_jungle_ruins_rocks_01_entity"
	count=1
	transform="0.000000 0.000000 0.000000 0.000000 0.000000 0.000000 1.000000 1.000000 1.000000 1.000000
"}
object={
	name="gh_jungle_ruins_single_pillar_01"
	render_pass=MapUnderWater
	clamp_to_water_level=no
	generated_content=no
	layer="gh_ruins"
	entity="gh_jungle_ruins_single_pillar_01_entity"
	count=1
	transform="0.000000 0.000000 0.000000 0.000000 0.000000 0.000000 1.000000 1.000000 1.000000 1.000000
"}
object={
	name="gh_jungle_ruins_single_pillar_02"
	render_pass=MapUnderWater
	clamp_to_water_level=no
	generated_content=no
	layer="gh_ruins"
	entity="gh_jungle_ruins_single_pillar_02_entity"
	count=1
	transform="0.000000 0.000000 0.000000 0.000000 0.000000 0.000000 1.000000 1.000000 1.000000 1.000000
"}
object={
	name="gh_jungle_ruins_small_door_01"
	render_pass=MapUnderWater
	clamp_to_water_level=no
	generated_content=no
	layer="gh_ruins"
	entity="gh_jungle_ruins_small_door_01_entity"
	count=1
	transform="0.000000 0.000000 0.000000 0.000000 0.000000 0.000000 1.000000 1.000000 1.000000 1.000000
"}
object={
	name="gh_jungle_ruins_small_wall_01"
	render_pass=MapUnderWater
	clamp_to_water_level=no
	generated_content=no
	layer="gh_ruins"
	entity="gh_jungle_ruins_small_wall_01_entity"
	count=1
	transform="0.000000 0.000000 0.000000 0.000000 0.000000 0.000000 1.000000 1.000000 1.000000 1.000000
"}
object={
	name="gh_jungle_ruins_small_wall_02"
	render_pass=MapUnderWater
	clamp_to_water_level=no
	generated_content=no
	layer="gh_ruins"
	entity="gh_jungle_ruins_small_wall_02_entity"
	count=1
	transform="0.000000 0.000000 0.000000 0.000000 0.000000 0.000000 1.000000 1.000000 1.000000 1.000000
"}
object={
	name="gh_jungle_ruins_small_wall_03"
	render_pass=MapUnderWater
	clamp_to_water_level=no
	generated_content=no
	layer="gh_ruins"
	entity="gh_jungle_ruins_small_wall_03_entity"
	count=1
	transform="0.000000 0.000000 0.000000 0.000000 0.000000 0.000000 1.000000 1.000000 1.000000 1.000000
"}
object={
	name="gh_jungle_ruins_stairs_01"
	render_pass=MapUnderWater
	clamp_to_water_level=no
	generated_content=no
	layer="gh_ruins"
	entity="gh_jungle_ruins_stairs_01_entity"
	count=1
	transform="0.000000 0.000000 0.000000 0.000000 0.000000 0.000000 1.000000 1.000000 1.000000 1.000000
"}
object={
	name="gh_jungle_ruins_tomb_01"
	render_pass=MapUnderWater
	clamp_to_water_level=no
	generated_content=no
	layer="gh_ruins"
	entity="gh_jungle_ruins_tomb_01_entity"
	count=1
	transform="0.000000 0.000000 0.000000 0.000000 0.000000 0.000000 1.000000 1.000000 1.000000 1.000000
"}
object={
	name="gh_jungle_ruins_tomb_02"
	render_pass=MapUnderWater
	clamp_to_water_level=no
	generated_content=no
	layer="gh_ruins"
	entity="gh_jungle_ruins_tomb_02_entity"
	count=1
	transform="0.000000 0.000000 0.000000 0.000000 0.000000 0.000000 1.000000 1.000000 1.000000 1.000000
"}
object={
	name="gh_jungle_ruins_wall_01"
	render_pass=MapUnderWater
	clamp_to_water_level=no
	generated_content=no
	layer="gh_ruins"
	entity="gh_jungle_ruins_wall_01_entity"
	count=1
	transform="0.000000 0.000000 0.000000 0.000000 0.000000 0.000000 1.000000 1.000000 1.000000 1.000000
"}
object={
	name="gh_jungle_ruins_wall_02"
	render_pass=MapUnderWater
	clamp_to_water_level=no
	generated_content=no
	layer="gh_ruins"
	entity="gh_jungle_ruins_wall_02_entity"
	count=1
	transform="0.000000 0.000000 0.000000 0.000000 0.000000 0.000000 1.000000 1.000000 1.000000 1.000000
"}
object={
	name="gh_jungle_ruins_wall_window_01"
	render_pass=MapUnderWater
	clamp_to_water_level=no
	generated_content=no
	layer="gh_ruins"
	entity="gh_jungle_ruins_wall_window_01_entity"
	count=1
	transform="0.000000 0.000000 0.000000 0.000000 0.000000 0.000000 1.000000 1.000000 1.000000 1.000000
"}
object={
	name="gh_ruins_arch_01"
	render_pass=MapUnderWater
	clamp_to_water_level=no
	generated_content=no
	layer="gh_ruins"
	entity="gh_ruins_arch_01_entity"
	count=3
	transform="0.000000 0.000000 0.000000 0.000000 0.000000 0.000000 1.000000 1.000000 1.000000 1.000000
2408.886963 -9.901367 2727.540283 0.000000 -0.601141 0.000000 0.799143 5.405029 5.405029 5.405029
2430.710449 -1.065674 2727.193115 0.000000 0.038199 0.000000 0.999270 1.000000 1.000000 1.000000
"}
object={
	name="gh_ruins_arch_01_noArch"
	render_pass=MapUnderWater
	clamp_to_water_level=no
	generated_content=no
	layer="gh_ruins"
	entity="gh_ruins_arch_01_noArch_entity"
	count=1
	transform="0.000000 0.000000 0.000000 0.000000 0.000000 0.000000 1.000000 1.000000 1.000000 1.000000
"}
object={
	name="gh_ruins_arch_01_noArchLeft"
	render_pass=MapUnderWater
	clamp_to_water_level=no
	generated_content=no
	layer="gh_ruins"
	entity="gh_ruins_arch_01_noArchLeft_entity"
	count=1
	transform="0.000000 0.000000 0.000000 0.000000 0.000000 0.000000 1.000000 1.000000 1.000000 1.000000
"}
object={
	name="Pagan_Temple_01_a_ruins"
	render_pass=MapUnderWater
	clamp_to_water_level=yes
	generated_content=no
	layer="gh_ruins"
	entity="building_mediterranean_temple_pagan_01_a_ruins_entity"
	count=19
	transform="3154.678467 -0.157471 2350.650879 0.000000 0.000000 0.000000 1.000000 0.693848 0.693848 0.693848
3087.541748 -5.187134 2345.912598 0.000000 -0.996890 0.000000 0.078802 4.646848 4.646848 4.646848
2883.737061 -3.173622 39.320461 0.000000 -0.769067 0.000000 0.639168 3.579566 3.579566 3.579566
2009.892944 -4.571411 1944.305908 0.000000 0.000000 0.000000 1.000000 3.438709 3.438709 3.438709
1817.591187 -2.882446 1458.113281 0.000000 0.000000 0.000000 1.000000 2.964795 2.964795 2.964795
3075.754883 -0.934814 2733.821289 0.000000 0.000000 0.000000 1.000000 2.258276 2.258276 2.258276
3054.373779 -1.532471 2700.945312 0.000000 -0.434317 0.000000 0.900760 2.485154 2.485154 2.485154
3177.690918 -1.562744 2768.633545 0.000000 0.994078 0.000000 0.108667 2.485154 2.485154 2.485154
3144.566162 -0.899414 2724.931152 0.000000 0.994078 0.000000 0.108667 2.485154 2.485154 2.485154
3126.937988 -0.401123 2707.667480 0.000000 0.994078 0.000000 0.108667 1.383193 1.383193 1.383193
3116.212646 -0.959473 2710.818848 0.000000 0.906564 0.000000 0.422068 1.964819 1.964819 1.964819
3375.292236 -0.810791 2859.881104 0.000000 0.000000 0.000000 1.000000 1.636597 1.636597 1.636597
3286.947754 0.111572 2697.789062 0.000000 0.000000 0.000000 1.000000 1.061947 1.061947 1.061947
466.804565 -1.622559 1238.580078 0.000000 -0.443705 0.000000 0.896173 2.892688 2.892688 2.892688
1471.534058 -0.439087 1704.193848 0.000000 -0.936419 0.000000 0.350885 1.585829 1.585829 1.585829
4232.983398 -0.183716 1116.624023 0.000000 -0.223618 0.000000 0.974677 1.000000 1.000000 1.000000
3557.912598 0.000000 1464.168457 0.000000 -0.138923 0.000000 0.990303 1.000000 1.000000 1.000000
4478.506348 0.000000 1005.096130 0.000000 -0.900523 0.000000 0.434808 1.000000 1.000000 1.000000
2824.528564 0.000000 1844.354126 0.000000 0.516183 0.000000 0.856478 1.000000 1.000000 1.000000
"}
object={
	name="Pagan_Temple_01_b_ruins"
	render_pass=MapUnderWater
	clamp_to_water_level=yes
	generated_content=no
	layer="gh_ruins"
	entity="building_mediterranean_temple_pagan_01_b_ruins_entity"
	count=17
	transform="3069.239502 -1.945557 2348.506348 0.000000 0.000000 0.000000 1.000000 3.461707 3.461707 3.461707
3154.367432 -0.324951 2306.286621 0.000000 -0.549314 0.000000 0.835616 1.368579 1.368579 1.368579
2540.783936 0.000000 1582.373901 0.000000 0.000000 0.000000 1.000000 1.000000 1.000000 1.000000
1954.106445 0.000000 2042.546021 0.000000 0.000000 0.000000 1.000000 1.000000 1.000000 1.000000
2103.716797 2.543091 2043.143188 0.000000 0.000000 0.000000 1.000000 1.164840 1.164840 1.164840
2829.650879 -0.875977 2163.230225 0.000000 0.966866 0.000000 0.255286 1.731372 1.731372 1.731372
3076.621582 -1.292969 2692.313721 0.000000 0.000000 0.000000 1.000000 2.498584 2.498584 2.498584
3358.793213 -0.490967 2846.717285 0.000000 0.000000 0.000000 1.000000 1.809326 1.809326 1.809326
3335.876465 -0.924072 2867.494141 0.000000 0.000000 0.000000 1.000000 2.869190 2.869190 2.869190
522.498901 -2.291260 1248.971558 0.000000 0.000000 0.000000 1.000000 4.511755 4.511755 4.511755
640.208984 -0.311768 1115.111816 0.000000 0.337451 0.000000 0.941343 1.000000 1.000000 1.000000
3562.623291 0.000000 1473.967285 0.000000 -0.069646 0.000000 0.997572 1.000000 1.000000 1.000000
2291.118164 -1.473633 2501.658447 0.000000 0.000000 0.000000 1.000000 2.343970 2.343970 2.343970
4482.828613 0.000000 1008.671387 0.000000 0.000000 0.000000 1.000000 0.338464 0.338464 0.338464
4479.285156 0.000000 1001.400269 0.000000 0.176740 0.000000 0.984258 1.000000 1.000000 1.000000
5347.175293 0.000000 1136.020874 0.000000 0.935084 0.000000 0.354426 0.705705 0.705705 0.705705
2413.301270 -1.083984 2731.531494 0.000000 -0.657134 0.000000 0.753774 2.633960 2.633960 2.633960
"}
object={
	name="Pagan_Temple_02_a_ruins"
	render_pass=MapUnderWater
	clamp_to_water_level=yes
	generated_content=no
	layer="gh_ruins"
	entity="building_mediterranean_temple_pagan_02_a_ruins_entity"
	count=11
	transform="3125.226807 0.000000 1757.001343 0.000000 0.000000 0.000000 1.000000 0.547803 0.547803 0.547803
2392.408691 -0.428101 2230.610596 0.000000 -0.989126 0.000000 0.147074 0.636438 0.636438 0.636438
3193.103027 -1.043945 2758.005859 0.000000 -0.953958 -0.000000 -0.299941 1.000000 1.000000 1.000000
3126.400146 -1.043945 2707.533691 0.000000 -0.043230 0.000000 0.999065 1.000000 1.000000 1.000000
3098.018311 -1.043945 2744.626465 0.000000 0.000000 0.000000 1.000000 1.000000 1.000000 1.000000
3338.792969 -0.686768 2805.003418 0.000000 0.577598 0.000000 0.816321 1.706152 1.706152 1.706152
3309.506104 -1.250977 2885.780762 0.000000 0.000000 0.000000 1.000000 1.553052 1.553052 1.553052
1585.079346 -1.087524 1721.993408 0.000000 0.988728 0.000000 -0.149723 1.000000 1.000000 1.000000
4245.960449 -1.182983 1117.888184 0.000000 0.000000 0.000000 1.000000 1.000000 1.000000 1.000000
2050.710449 -6.795654 2263.131104 0.000000 0.000000 0.000000 1.000000 2.736743 2.736743 2.736743
5344.560059 -0.918701 1139.593994 0.000000 -0.314631 0.000000 0.949214 1.000000 1.000000 1.000000
"}
object={
	name="Pagan_Temple_02_b_ruins"
	render_pass=MapUnderWater
	clamp_to_water_level=yes
	generated_content=no
	layer="gh_ruins"
	entity="building_mediterranean_temple_pagan_02_b_ruins_entity"
	count=9
	transform="3184.002686 0.000000 2410.082520 0.000000 -0.898282 0.000000 0.439419 0.513049 0.513049 0.513049
2848.862061 -0.611801 10.214054 0.000000 -0.779591 0.000000 0.626289 1.000000 1.000000 1.000000
3156.035156 -3.168457 2771.216309 0.000000 0.000000 0.000000 1.000000 1.000000 1.000000 1.000000
3255.847656 -1.225586 2803.121094 0.000000 0.830622 0.000000 0.556836 1.380347 1.380347 1.380347
658.667236 -2.789307 1196.966919 0.000000 -0.246214 0.000000 0.969216 2.508686 2.508686 2.508686
3555.504883 0.000000 1448.762085 0.000000 0.991137 0.000000 0.132841 0.496839 0.496839 0.496839
2347.158447 -0.970947 2543.046631 0.000000 0.000000 0.000000 1.000000 1.000000 1.000000 1.000000
4481.087402 -2.406738 1002.022278 0.000000 0.982130 0.000000 -0.188206 1.032440 1.032440 1.032440
4476.345215 -0.440674 1008.482605 0.000000 -0.671798 0.000000 0.740735 0.865540 0.865540 0.865540
"}
