object={
	name="env_mist_fog"
	render_pass=MapUnderWater
	clamp_to_water_level=no
	generated_content=no
	layer="env_effect_layer"
	entity="env_mist_fog"
	count=18
	transform="5293.287598 12.350464 634.163025 0.000000 -0.287218 0.000000 0.957865 0.767715 0.767715 0.767715
5306.209961 9.945312 649.715515 0.000000 -0.548447 0.000000 0.836186 0.716482 0.716482 0.716482
5272.072266 11.933838 632.316895 0.000000 -0.047059 0.000000 0.998892 0.630656 0.630656 0.630656
5313.455078 11.756653 669.902832 0.000000 -0.844720 0.000000 0.535208 0.673096 0.673096 0.673096
5304.283691 12.795471 679.965393 0.000000 -0.870258 0.000000 0.492597 0.659534 0.659534 0.659534
5288.223145 11.742371 692.143494 0.000000 -0.997468 0.000000 -0.071111 0.619184 0.619184 0.619184
5299.678223 4.955139 700.217346 0.000000 -0.943232 0.000000 -0.332135 0.553553 0.553553 0.553553
5271.580566 12.724976 688.090271 0.000000 0.998298 0.000000 0.058312 0.673742 0.673742 0.673742
5259.791992 15.235046 674.948853 0.000000 0.762512 0.000000 0.646974 0.526573 0.526573 0.526573
5256.843262 11.104187 673.985291 0.000000 0.626459 0.000000 0.779454 0.577406 0.577406 0.577406
5252.060547 12.056885 655.859009 0.000000 0.363886 0.000000 0.931444 0.692547 0.692547 0.692547
5261.498047 14.072754 642.755737 0.000000 0.204480 0.000000 0.978871 0.574122 0.574122 0.574122
5270.036133 16.089233 615.252075 0.000000 -0.317064 0.000000 0.948404 0.535255 0.535255 0.535255
5282.059082 14.086731 622.847900 0.000000 0.528329 0.000000 -0.849039 0.827285 0.827285 0.827285
3162.548096 -1.923096 1260.523071 0.000000 0.000000 0.000000 1.000000 1.000000 1.000000 1.000000
3144.352051 -2.727661 1271.984009 0.000000 0.000000 0.000000 1.000000 1.000000 1.000000 1.000000
3148.929443 -1.815430 1299.326294 0.000000 0.000000 0.000000 1.000000 1.000000 1.000000 1.000000
3206.703857 1.463013 1249.674927 0.000000 0.000000 0.000000 1.000000 1.000000 1.000000 1.000000
"}
object={
	name="env_rain"
	render_pass=MapUnderWater
	clamp_to_water_level=no
	generated_content=no
	layer="env_effect_layer"
	entity="env_rain"
	count=1
	transform="5262.799316 0.000000 669.575623 0.000000 0.000000 0.000000 1.000000 1.686581 1.686581 1.686581
"}
object={
	name="env_red_desert"
	render_pass=Map
	clamp_to_water_level=no
	generated_content=no
	layer="env_effect_layer"
	entity="env_red_desert"
	count=4
	transform="4142.118652 1.278625 958.726990 0.000000 0.774114 0.000000 0.633046 1.000000 1.000000 1.000000
4064.221191 1.772400 894.905396 0.000000 0.992267 0.000000 0.124125 0.852686 0.852686 0.852686
4106.742676 0.000000 913.630615 0.000000 0.894549 0.000000 0.446969 0.852686 0.852686 0.852686
4145.217773 0.000000 918.238708 0.000000 0.636963 0.000000 0.770895 1.000000 1.000000 1.000000
"}
object={
	name="env_red_desert_variant_1"
	render_pass=Map
	clamp_to_water_level=yes
	generated_content=no
	layer="env_effect_layer"
	entity="env_red_desert"
	count=5
	transform="4134.788086 0.198730 892.251648 0.000000 0.102784 0.000000 0.994704 0.288307 0.288307 0.288307
4096.757812 0.198730 912.653931 0.000000 0.999549 0.000000 -0.030029 0.288307 0.288307 0.288307
4080.456055 -0.861511 905.619324 0.000000 0.954253 0.000000 0.299001 0.288307 0.288307 0.288307
4154.001953 -3.890137 968.888245 0.000000 0.259861 0.000000 0.965646 1.000000 1.000000 1.000000
4114.841309 -0.532959 951.064392 0.000000 0.994204 0.000000 0.107514 1.000000 1.000000 1.000000
"}
object={
	name="env_river_rapids"
	render_pass=MapUnderWater
	clamp_to_water_level=yes
	generated_content=no
	layer="env_effect_layer"
	entity="env_river_rapids"
	count=14
	transform="3076.701416 0.385132 2357.721680 0.000000 -0.994874 0.000000 -0.101119 1.000000 1.000000 1.000000
3105.070068 -1.007324 2340.575684 0.000000 -0.923986 0.000000 0.382427 0.649658 0.649658 0.649658
1432.955322 0.000000 1519.149536 0.000000 0.988816 0.000000 0.149141 0.600342 0.600342 0.600342
2976.938232 0.208984 2263.093262 0.000000 -0.939613 0.000000 0.342240 1.197236 1.197236 1.197236
2773.694336 0.000000 2495.772705 0.000000 0.821908 0.000000 0.569621 0.715234 0.715234 0.715234
5208.683105 12.779175 642.111511 0.000000 -0.099931 0.000000 0.994994 1.610223 1.610223 1.610223
5236.427246 12.290649 591.152405 0.000000 -0.487280 0.000000 0.873246 1.757010 1.757010 1.757010
5303.885254 16.402649 573.950562 0.000000 -0.776158 0.000000 0.630538 2.617203 2.617203 2.617203
5361.216797 14.776428 605.907532 0.000000 -0.947219 0.000000 0.320588 2.911893 2.911893 2.911893
5370.227539 12.857910 690.986328 0.000000 0.971588 0.000000 0.236681 1.789337 1.789337 1.789337
5332.483887 20.726379 718.274170 0.000000 0.841009 0.000000 0.541021 1.308136 1.308136 1.308136
5214.028809 15.161011 686.629578 0.000000 0.228790 0.000000 0.973476 1.678413 1.678413 1.678413
5261.083496 16.287659 723.413147 0.000000 0.575454 0.000000 0.817834 1.853396 1.853396 1.853396
2315.982422 0.385254 2678.220947 0.000000 -0.471371 0.000000 0.881935 1.000000 1.000000 1.000000
"}
object={
	name="env_sea_fog"
	render_pass=Map
	clamp_to_water_level=yes
	generated_content=no
	layer="env_effect_layer"
	entity="env_sea_fog"
	count=5
	transform="3084.644775 2.945312 2366.931641 0.000000 0.000000 0.000000 1.000000 1.000000 1.000000 1.000000
2527.158447 3.825317 1564.948608 0.000000 0.000000 0.000000 1.000000 1.000000 1.000000 1.000000
2555.337646 1.756714 1559.737183 0.000000 0.000000 0.000000 1.000000 1.000000 1.000000 1.000000
2405.039551 0.000000 2478.167969 0.000000 0.000000 0.000000 1.000000 1.000000 1.000000 1.000000
2349.483398 0.000000 2502.166748 0.000000 0.000000 0.000000 1.000000 1.000000 1.000000 1.000000
"}
object={
	name="env_sea_fog_large"
	render_pass=Map
	clamp_to_water_level=yes
	generated_content=no
	layer="env_effect_layer"
	entity="env_sea_fog_large"
	count=14
	transform="2075.175293 5.967651 2254.381836 0.000000 0.000000 0.000000 1.000000 1.000000 1.000000 1.000000
2188.716064 5.967651 2150.087402 0.000000 0.000000 0.000000 1.000000 1.000000 1.000000 1.000000
2373.858398 5.967651 1943.025146 0.000000 0.000000 0.000000 1.000000 1.000000 1.000000 1.000000
2225.878174 5.967651 1899.037964 0.000000 0.000000 0.000000 1.000000 1.000000 1.000000 1.000000
2046.835938 5.967651 1726.319092 0.000000 0.000000 0.000000 1.000000 1.000000 1.000000 1.000000
1891.220703 5.967651 1813.516479 0.000000 0.000000 0.000000 1.000000 1.000000 1.000000 1.000000
1891.895752 5.967651 1948.901978 0.000000 0.000000 0.000000 1.000000 1.000000 1.000000 1.000000
1966.540649 5.967651 2077.142578 0.000000 0.000000 0.000000 1.000000 1.000000 1.000000 1.000000
2081.968506 5.967651 2042.873413 0.000000 0.000000 0.000000 1.000000 1.000000 1.000000 1.000000
2129.455566 5.967651 1942.924316 0.000000 0.000000 0.000000 1.000000 1.000000 1.000000 1.000000
2010.758423 5.967651 1943.660156 0.000000 0.000000 0.000000 1.000000 1.000000 1.000000 1.000000
2012.777466 5.967651 1792.071777 0.000000 0.000000 0.000000 1.000000 1.000000 1.000000 1.000000
2050.174805 5.967651 1880.929443 0.000000 0.000000 0.000000 1.000000 1.000000 1.000000 1.000000
2392.129639 0.000000 2508.862305 0.000000 0.000000 0.000000 1.000000 1.000000 1.000000 1.000000
"}
object={
	name="env_towermagic"
	render_pass=MapUnderWater
	clamp_to_water_level=no
	generated_content=no
	layer="env_effect_layer"
	entity="env_towermagic"
	count=3
	transform="2044.708984 24.638550 1891.074097 0.000000 0.000000 0.000000 1.000000 10.000000 10.000000 10.000000
1969.637939 10.556885 2312.286377 0.000000 0.000000 0.000000 1.000000 1.000000 1.000000 1.000000
5287.714355 16.894836 659.436951 0.000000 0.000000 0.000000 1.000000 18.079248 18.079248 18.079248
"}
object={
	name="env_undead"
	render_pass=MapUnderWater
	clamp_to_water_level=no
	generated_content=no
	layer="env_effect_layer"
	entity="env_undead"
	count=0
}
