object={
	name="bridge 01"
	render_pass=MapUnderWater
	clamp_to_water_level=no
	generated_content=no
	layer="gh_buildings"
	pdxmesh="bridge_01_mesh"
	count=75
	transform="72.170395 -0.384338 1402.362671 0.000000 0.201107 0.000000 0.979569 0.561597 0.561597 0.561597
121.384659 -0.247314 1439.230347 0.000000 0.473039 0.000000 0.881042 0.542560 0.542560 0.542560
212.371140 -0.131470 1450.699829 0.000000 0.322935 0.000000 0.946421 0.571143 0.571143 0.571143
282.257721 -0.387390 1467.808960 0.000000 -0.736840 0.000000 0.676067 0.501562 0.501562 0.501562
342.895386 -0.491577 1510.761353 0.000000 0.393807 0.000000 0.919193 0.627148 0.627148 0.627148
364.319000 -0.411072 1522.650024 0.000000 0.299260 0.000000 0.954172 0.561041 0.561041 0.561041
380.554352 -0.234619 1524.149292 0.000000 0.819200 0.000000 0.573508 0.526038 0.526038 0.526038
409.931549 -0.411499 1537.781128 0.000000 -0.677480 0.000000 0.735541 0.605636 0.605636 0.605636
428.383545 -0.250854 1546.719604 0.000000 0.316326 0.000000 0.948651 0.656653 0.656653 0.656653
443.299347 -0.313904 1573.009033 0.000000 0.099133 0.000000 0.995074 0.607617 0.607617 0.607617
462.305420 -0.300598 1592.034058 0.000000 0.451765 0.000000 0.892137 0.633618 0.633618 0.633618
521.441040 -0.468567 1461.693481 0.000000 0.142896 0.000000 0.989738 0.799463 0.799463 0.799463
482.004517 -0.634583 1411.010010 0.000000 0.000000 0.000000 1.000000 0.753613 0.753613 0.753613
459.347076 -0.295837 1380.174194 0.000000 -0.142020 0.000000 0.989864 0.599329 0.599329 0.599329
452.362427 -0.257385 1310.957886 0.000000 0.483511 0.000000 0.875338 0.645508 0.645508 0.645508
563.671692 2.826232 1202.895020 0.000000 0.317237 0.000000 0.948346 1.371222 1.371222 1.371222
573.212952 1.969055 1262.312744 0.000000 0.687611 0.000000 0.726079 1.371222 1.371222 1.371222
901.636292 -0.475403 1444.026978 0.000000 -0.732819 0.000000 0.680423 0.693292 0.693292 0.693292
1256.095703 -0.300598 1499.142944 0.000000 0.000000 0.000000 1.000000 0.587097 0.587097 0.587097
1269.720581 -0.272217 1460.729126 0.000000 -0.463777 0.000000 0.885952 0.671753 0.671753 0.671753
1372.068604 -0.262756 1422.558472 0.000000 -0.604963 0.000000 0.796254 0.642967 0.642967 0.642967
2122.914795 -0.360565 1034.992310 0.000000 0.495281 0.000000 0.868733 0.543375 0.543375 0.543375
2013.408325 -0.539307 1116.059570 0.000000 -0.626970 0.000000 0.779043 0.729387 0.729387 0.729387
1926.000732 -0.255066 1152.070679 0.000000 -0.464021 0.000000 0.885824 0.583496 0.583496 0.583496
1895.508667 -0.363281 1176.133667 0.000000 -0.277044 0.000000 0.960857 0.528760 0.528760 0.528760
1517.723022 -0.321655 1426.807007 0.000000 0.433685 0.000000 0.901065 0.790271 0.790271 0.790271
1592.125122 -0.564636 1492.096069 0.000000 0.398543 0.000000 0.917150 0.909973 0.909973 0.909973
1618.687744 -0.408203 1538.375610 0.000000 0.414616 0.000000 0.909997 0.558777 0.558777 0.558777
1932.914795 -0.303101 1717.813477 0.000000 0.110522 0.000000 0.993874 0.532499 0.532499 0.532499
1872.133301 -0.385132 1717.058228 0.000000 0.388611 0.000000 0.921402 0.566333 0.566333 0.566333
1834.465088 -0.369873 1660.662354 0.000000 0.376911 0.000000 0.926249 0.652198 0.652198 0.652198
2943.001709 -0.259521 1856.306641 0.000000 0.019011 0.000000 0.999819 0.701819 0.701819 0.701819
2919.040283 -0.444336 1837.829956 0.000000 0.639641 0.000000 0.768674 0.626733 0.626733 0.626733
3112.528564 -0.635437 1560.303833 0.000000 -0.171150 0.000000 0.985245 0.687923 0.687923 0.687923
3108.853760 -0.234741 1544.302368 0.000000 0.391042 0.000000 0.920373 0.488733 0.488733 0.488733
3087.607666 -0.409790 1512.470215 0.000000 -0.191378 0.000000 0.981516 0.598364 0.598364 0.598364
3021.459717 -0.373413 1522.400757 0.000000 -0.503714 0.000000 0.863870 0.556818 0.556818 0.556818
3072.574951 -0.242798 1405.577026 0.000000 0.305202 0.000000 0.952288 0.612488 0.612488 0.612488
3088.896240 -0.445679 1483.549683 0.000000 0.000000 0.000000 1.000000 0.602850 0.602850 0.602850
3119.421631 -0.464783 1443.909546 0.000000 0.350232 0.000000 0.936663 0.486415 0.486415 0.486415
3116.951416 -0.361572 1442.487183 0.000000 0.671187 0.000000 0.741288 0.440887 0.440887 0.440887
3077.030518 -0.489502 1320.483765 0.000000 0.468219 0.000000 0.883612 0.648309 0.648309 0.648309
3059.614014 -0.395142 1303.238892 0.000000 0.141401 0.000000 0.989952 0.558600 0.558600 0.558600
3832.873779 -0.442078 1480.964478 0.000000 -0.549467 0.000000 0.835515 0.539240 0.539240 0.539240
3898.211182 -0.374695 1480.086304 0.000000 -0.713467 0.000000 0.700689 0.603571 0.603571 0.603571
3759.147217 -0.391357 1473.436401 0.000000 -0.544511 0.000000 0.838754 0.542224 0.542224 0.542224
3736.721436 -0.194214 1494.903320 0.000000 -0.271541 0.000000 0.962427 0.490607 0.490607 0.490607
3604.593506 -0.401306 1509.381958 0.000000 -0.333627 0.000000 0.942705 0.578204 0.578204 0.578204
3673.279541 -0.370361 1388.770508 0.000000 0.891363 0.000000 0.453292 0.679132 0.679132 0.679132
3715.616211 -0.370361 1374.478760 0.000000 0.795147 0.000000 0.606417 0.679132 0.679132 0.679132
3758.217529 -0.370361 1364.252319 0.000000 0.587520 0.000000 0.809210 0.679132 0.679132 0.679132
3524.900146 -0.533936 1556.910889 0.000000 -0.409472 0.000000 0.912323 0.684759 0.684759 0.684759
3505.176025 -0.369507 1565.579956 0.000000 -0.652937 0.000000 0.757412 0.624701 0.624701 0.624701
3378.336182 1.444458 1577.566528 0.000000 -0.584355 0.000000 0.811498 1.346912 1.346912 1.346912
3303.409424 -0.531372 1599.373413 0.000000 -0.726281 0.000000 0.687397 0.718024 0.718024 0.718024
3248.878174 -0.543518 1582.977295 0.000000 0.517150 0.000000 0.855895 0.652148 0.652148 0.652148
3232.269775 -0.213257 1569.677368 0.000000 0.640438 0.000000 0.768010 0.511432 0.511432 0.511432
3198.526123 -0.377258 1557.546387 0.000000 0.556358 0.000000 0.830943 0.523877 0.523877 0.523877
3188.746338 -0.493713 1540.383667 0.000000 0.077680 0.000000 0.996978 0.565479 0.565479 0.565479
3178.207275 -0.535400 1522.967407 0.000000 0.635503 0.000000 0.772098 0.557068 0.557068 0.557068
3134.693115 -0.412231 1455.286499 0.000000 0.460218 0.000000 0.887806 0.661237 0.661237 0.661237
2779.765381 -0.507080 1674.625488 0.000000 0.718410 0.000000 0.695620 0.700000 0.700000 0.700000
2331.651855 -0.063721 2486.012939 0.000000 -0.124705 0.000000 0.992194 1.341274 1.341274 1.341274
2331.172607 -0.927369 2476.097412 0.000000 0.179112 0.000000 0.983829 1.356214 1.356214 1.356214
2356.826904 -0.352173 2514.009766 0.000000 0.445007 0.000000 0.895527 0.572522 0.572522 0.572522
2382.031982 -0.452393 2504.430176 0.000000 0.381246 0.000000 0.924474 0.598523 0.598523 0.598523
2398.352783 -0.384888 2491.879395 0.000000 0.068367 0.000000 0.997660 0.539679 0.539679 0.539679
2275.634521 -0.489624 2236.208008 0.000000 -0.103817 0.000000 0.994596 0.663379 0.663379 0.663379
2641.939209 -0.507324 2299.716309 0.000000 -0.769457 0.000000 0.638698 0.640271 0.640271 0.640271
2361.765625 0.357056 2478.323975 0.000000 0.000244 0.000000 1.000000 1.401798 1.401798 1.401798
2371.818359 -0.671142 2513.021729 0.000000 0.259949 0.000000 0.965622 1.134476 1.134476 1.134476
3668.776611 0.000000 1660.513184 0.000000 0.529269 0.000000 0.848454 2.284473 2.284473 2.284473
5238.948730 1.134033 819.390869 0.000000 0.912724 0.000000 0.408577 1.495453 1.495453 1.495453
2799.232910 0.000000 1987.519531 0.000000 -0.374295 0.000000 0.927310 0.665552 0.665552 0.665552
2814.910889 0.000000 1953.658203 0.000000 0.000000 0.000000 1.000000 0.665552 0.665552 0.665552
"}
object={
	name="bridge indian"
	render_pass=MapUnderWater
	clamp_to_water_level=no
	generated_content=no
	layer="temp_layer"
	pdxmesh="bridge_indian_mesh"
	count=4
	transform="5449.137695 2.187439 427.615021 0.000000 -0.526003 0.000000 0.850483 1.000000 1.000000 1.000000
5526.405273 1.115723 464.236908 0.000000 -0.818889 0.000000 0.573952 1.000000 1.000000 1.000000
5518.687988 1.845428 422.526184 0.000000 -0.922450 0.000000 0.386117 1.000000 1.000000 1.000000
5520.257812 1.015717 321.031952 0.000000 0.032709 0.000000 0.999465 1.000000 1.000000 1.000000
"}
object={
	name="bridge mediterranean"
	render_pass=MapUnderWater
	clamp_to_water_level=no
	generated_content=no
	layer="temp_layer"
	pdxmesh="bridge_mediterranean_mesh"
	count=3
	transform="2707.216797 0.000000 1879.674561 0.000000 -0.422653 0.000000 0.906291 0.574740 0.574740 0.574740
2779.775391 0.000000 1857.054688 0.000000 -0.526340 0.000000 0.850274 0.489294 0.489294 0.489294
3597.908936 0.000000 1434.027222 0.000000 0.000000 0.000000 1.000000 0.549036 0.549036 0.549036
"}
object={
	name="bridge mena"
	render_pass=MapUnderWater
	clamp_to_water_level=no
	generated_content=no
	layer="temp_layer"
	pdxmesh="bridge_mena_mesh"
	count=3
	transform="1860.452515 2.013062 1487.520142 0.000000 -0.263881 0.000000 0.964555 1.000000 1.000000 1.000000
1841.261230 1.982544 1416.280151 0.000000 -0.308861 0.000000 0.951107 1.000000 1.000000 1.000000
3993.512695 0.000000 509.927734 0.000000 -0.343878 0.000000 0.939014 0.299664 0.299664 0.299664
"}
object={
	name="bridge western"
	render_pass=MapUnderWater
	clamp_to_water_level=no
	generated_content=no
	layer="temp_layer"
	pdxmesh="bridge_western_mesh"
	count=5
	transform="2332.817383 -4.041748 2446.234863 0.000000 0.000000 0.000000 1.000000 2.866407 2.866407 2.866407
2934.949219 0.905762 2351.849121 0.000000 0.220315 0.000000 0.975429 1.000000 1.000000 1.000000
2773.567871 0.000000 1975.160645 0.000000 0.673176 0.000000 0.739483 1.000000 1.000000 1.000000
3008.367920 0.000000 2324.187500 0.000000 -0.402807 0.000000 0.915285 0.480127 0.480127 0.480127
2312.069092 0.000000 2660.462891 0.000000 0.388091 0.000000 0.921621 0.421069 0.421069 0.421069
"}
