object={
	name="cliff coastline 01"
	render_pass=MapUnderWater
	clamp_to_water_level=no
	generated_content=no
	layer="gh_environmental"
	pdxmesh="cliff_coastline_01_mesh"
	count=55
	transform="2292.391846 -2.972900 1826.101929 0.000000 0.592448 0.000000 0.805609 0.994116 0.994116 0.994116
2291.456787 -3.400269 1827.321045 0.000000 -0.890197 0.000000 0.455575 0.994116 0.994116 0.994116
2048.338867 0.439697 1903.970947 0.000000 -0.791631 0.000000 -0.611000 1.296924 1.296924 1.296924
2045.226440 -0.027588 1884.029907 0.000000 -0.979221 0.000000 -0.202796 1.929604 1.929604 1.929604
2053.387207 -2.658325 1887.863159 0.000000 -0.586285 0.000000 0.810105 1.404895 1.404895 1.404895
2047.015015 -7.744507 1882.078003 0.000000 -0.045812 0.000000 -0.998950 2.513836 2.513836 2.513836
2046.810425 -2.646484 1884.106567 0.000000 -0.999282 0.000000 -0.037868 1.746057 1.746057 1.746057
2091.594727 -2.646484 1894.993896 0.000000 -0.999282 0.000000 -0.037868 1.746057 1.746057 1.746057
2095.427002 -0.588745 1849.474976 0.000000 -0.586285 0.000000 0.810105 1.000000 1.000000 1.000000
2076.776855 -1.838501 1878.166138 0.000000 -0.586285 0.000000 0.810105 1.000000 1.000000 1.000000
2074.662109 0.000000 1886.213989 0.000000 -0.586285 0.000000 0.810105 1.000000 1.000000 1.000000
1879.099365 -4.339874 511.150543 0.000000 0.000000 0.000000 1.000000 1.419556 1.419556 1.419556
1765.416260 -2.652649 557.869446 0.000000 0.000000 0.000000 1.000000 1.000000 1.000000 1.000000
2446.578613 -5.078201 248.976471 0.000000 0.000000 0.000000 1.000000 1.250008 1.250008 1.250008
2392.539551 -3.641479 244.173737 0.000000 -0.949187 0.000000 0.314714 1.000000 1.000000 1.000000
2395.547607 -3.641479 236.141220 0.000000 0.000000 0.000000 1.000000 1.000000 1.000000 1.000000
2858.603516 -1.180908 127.383385 0.000000 -0.972282 0.000000 -0.233812 0.687219 0.687219 0.687219
2866.850098 0.000000 119.776787 0.000000 0.000000 0.000000 1.000000 1.000000 1.000000 1.000000
1855.450073 0.000000 1857.699097 0.000000 0.791092 0.000000 -0.611698 0.949888 0.949888 0.949888
1851.330078 -3.044189 1848.648315 0.000000 0.810428 0.000000 0.585838 1.897734 1.897734 1.897734
1847.822510 -3.044189 1856.935181 0.000000 0.193083 0.000000 0.981182 1.471400 1.471400 1.471400
1850.489990 -3.044189 1842.895142 0.000000 0.331765 0.000000 -0.943362 1.802076 1.802076 1.802076
1866.375000 0.000000 2002.526855 0.000000 0.693962 0.000000 -0.720012 1.032273 1.032273 1.032273
1848.411987 0.000000 1864.629639 0.000000 -0.869712 0.000000 -0.493560 1.149182 1.149182 1.149182
1887.481689 -3.044189 2010.124512 0.000000 0.886857 0.000000 0.462044 2.062327 2.062327 2.062327
1858.144653 -3.044189 2004.096802 0.000000 0.333409 0.000000 0.942782 1.599016 1.599016 1.599016
1884.637573 -3.044189 2001.895386 0.000000 0.331765 0.000000 -0.943362 1.802076 1.802076 1.802076
1997.517212 0.000000 2093.389893 0.000000 0.145155 0.000000 -0.989409 1.314450 1.314450 1.314450
1878.954712 0.000000 2021.912109 0.000000 -0.869712 0.000000 -0.493560 1.149182 1.149182 1.149182
2010.932007 -3.044189 2076.965088 0.000000 0.990075 0.000000 -0.140542 1.830915 1.830915 1.830915
1996.019287 -3.044189 2104.198242 0.000000 0.819893 0.000000 0.572516 2.036115 2.036115 2.036115
2019.248413 -3.044189 2075.261719 0.000000 -0.985353 0.000000 0.170529 1.802076 1.802076 1.802076
2019.508911 0.000000 2088.061035 0.000000 -0.994479 0.000000 0.104935 1.149182 1.149182 1.149182
2156.525146 0.000000 2052.475342 0.000000 -0.279365 0.000000 -0.960185 1.168375 1.168375 1.168375
2165.643799 -3.044189 2044.206665 0.000000 0.990075 0.000000 -0.140542 1.830915 1.830915 1.830915
2162.246826 -3.044189 2070.701660 0.000000 -0.417993 0.000000 -0.908450 1.534881 1.534881 1.534881
2156.840332 -3.044189 2043.441162 0.000000 -0.279365 0.000000 -0.960185 1.802076 1.802076 1.802076
2235.585449 0.000000 1936.780640 0.000000 -0.748776 0.000000 -0.662823 1.048054 1.048054 1.048054
2174.220703 0.000000 2055.302490 0.000000 -0.994479 0.000000 0.104935 1.149182 1.149182 1.149182
2242.692871 0.000000 1908.715454 0.000000 -0.961896 0.000000 0.273416 1.149182 1.149182 1.149182
2232.905762 -3.044189 1934.553955 0.000000 -0.267095 0.000000 -0.963670 1.263833 1.263833 1.263833
2264.520996 -3.044189 1918.006226 0.000000 -0.200138 0.000000 -0.979768 1.283428 1.283428 1.283428
2242.747070 -3.044189 1915.977783 0.000000 -0.961896 0.000000 0.273416 1.551606 1.551606 1.551606
2258.958252 0.000000 1918.362183 0.000000 -0.961896 0.000000 0.273416 1.149182 1.149182 1.149182
2003.538208 0.000000 2018.117920 0.000000 -0.935397 0.000000 0.353598 1.178064 1.178064 1.178064
2001.213989 0.000000 2016.863159 0.000000 0.000000 0.000000 1.000000 0.747156 0.747156 0.747156
2104.056396 -2.326538 2042.488770 0.000000 0.781390 0.000000 -0.624043 2.106144 2.106144 2.106144
2074.270752 -2.148193 2054.149658 0.000000 -0.030604 0.000000 0.999532 2.230353 2.230353 2.230353
1875.727417 -3.171875 2498.694336 0.000000 0.000000 0.000000 1.000000 1.182056 1.182056 1.182056
3131.778076 -1.848145 2712.102539 0.000000 0.000000 0.000000 1.000000 1.000000 1.000000 1.000000
3193.833740 4.654053 2774.597412 0.000000 0.000000 0.000000 1.000000 0.520567 0.520567 0.520567
3189.064209 3.509521 2774.874756 0.000000 0.926801 0.000000 0.375552 0.302344 0.302344 0.302344
3199.221436 1.679199 2774.857910 0.000000 0.926801 0.000000 0.375552 0.302344 0.302344 0.302344
2826.292480 -4.091064 1844.380493 0.000000 -0.248705 0.000000 0.968579 1.000000 1.000000 1.000000
2825.754639 -3.848877 1845.673462 0.000000 0.872950 0.000000 0.487809 1.000000 1.000000 1.000000
"}
object={
	name="cliff coastline 02"
	render_pass=MapUnderWater
	clamp_to_water_level=no
	generated_content=no
	layer="gh_environmental"
	pdxmesh="cliff_coastline_02_mesh"
	count=39
	transform="3482.110107 -1.446655 2344.197266 0.000000 0.987812 0.000000 -0.155650 1.000000 1.000000 1.000000
2105.340088 0.470093 1836.378784 0.000000 0.904399 0.000000 -0.426689 0.861159 0.861159 0.861159
2092.460938 0.470093 1890.947266 0.000000 -0.804230 0.000000 -0.594319 0.861159 0.861159 0.861159
2075.416016 0.579834 1882.390381 0.000000 -0.477899 0.000000 0.878415 0.861159 0.861159 0.861159
2043.556030 0.579834 1869.110352 0.000000 0.918764 0.000000 -0.394807 1.210075 1.210075 1.210075
2017.031372 -0.367065 1906.939941 0.000000 0.918764 0.000000 -0.394807 1.210075 1.210075 1.210075
2025.537720 -2.767334 1928.558228 0.000000 -0.586285 0.000000 0.810105 2.137146 2.137146 2.137146
1765.356201 -0.369751 556.471069 0.000000 0.000000 0.000000 1.000000 1.000000 1.000000 1.000000
2448.849609 -0.923706 249.567017 0.000000 0.000000 0.000000 1.000000 1.151183 1.151183 1.151183
2390.804688 -2.059341 240.110962 0.000000 0.000000 0.000000 1.000000 1.000000 1.000000 1.000000
2870.158691 -1.263809 119.806961 0.000000 0.000000 0.000000 1.000000 1.000000 1.000000 1.000000
2863.654785 -1.240585 125.421570 0.000000 0.000000 0.000000 1.000000 1.000000 1.000000 1.000000
1858.387329 0.973755 1859.830444 0.000000 0.998177 0.000000 0.060356 0.836101 0.836101 0.836101
1857.741577 0.000000 1855.040405 0.000000 0.998177 0.000000 0.060356 1.232953 1.232953 1.232953
1867.726929 0.000000 1996.137451 0.000000 0.202487 0.000000 -0.979285 0.810584 0.810584 0.810584
1870.089233 0.973755 2003.835571 0.000000 0.996371 0.000000 -0.085119 0.908618 0.908618 0.908618
1867.929077 0.000000 1999.050659 0.000000 0.996371 0.000000 -0.085119 1.339889 1.339889 1.339889
1990.404541 0.000000 2089.283691 0.000000 -0.405395 0.000000 -0.914142 1.032161 1.032161 1.032161
2000.656372 0.973755 2089.479980 0.000000 0.760619 0.000000 -0.649198 1.156993 1.156993 1.156993
1993.994751 0.000000 2090.090576 0.000000 0.760619 0.000000 -0.649198 1.706154 1.706154 1.706154
2149.736084 0.000000 2054.907227 0.000000 -0.748776 0.000000 -0.662823 0.917456 0.917456 0.917456
2150.167480 0.973755 2066.887207 0.000000 -0.944211 0.000000 -0.329342 0.847115 0.847115 0.847115
2152.473633 0.000000 2061.946533 0.000000 -0.944211 0.000000 -0.329342 1.249195 1.249195 1.249195
2146.811279 0.000000 2065.723389 0.000000 -0.498512 0.000000 0.866883 1.750481 1.750481 1.750481
2155.757080 0.973755 2048.079834 0.000000 0.421831 0.000000 -0.906674 1.028416 1.028416 1.028416
2152.271484 0.000000 2052.905518 0.000000 0.421831 0.000000 -0.906674 1.516548 1.516548 1.516548
2243.248535 0.000000 1905.762939 0.000000 -0.748776 0.000000 -0.662823 1.048054 1.048054 1.048054
2231.970459 0.973755 1937.717407 0.000000 0.433363 0.000000 -0.901220 0.721249 0.721249 0.721249
2229.355713 0.000000 1940.748291 0.000000 0.433363 0.000000 -0.901220 1.214985 1.214985 1.214985
2239.429199 0.000000 1938.655762 0.000000 -0.961896 0.000000 0.273416 1.352379 1.352379 1.352379
2243.658203 0.973755 1912.144287 0.000000 -0.904046 0.000000 -0.427436 0.885477 0.885477 0.885477
2246.901855 0.000000 1908.390503 0.000000 -0.904046 0.000000 -0.427436 1.491636 1.491636 1.491636
2082.702393 0.000000 1684.480591 0.000000 -0.842294 0.000000 0.539018 0.912000 0.912000 0.912000
1993.677246 0.000000 2012.358521 0.000000 0.000000 0.000000 1.000000 1.000000 1.000000 1.000000
3127.970459 0.000000 2743.326904 0.000000 0.000000 0.000000 1.000000 1.000000 1.000000 1.000000
3194.878906 2.709961 2770.893311 0.000000 0.877497 0.000000 0.479582 0.537576 0.537576 0.537576
3192.497559 4.399902 2779.019775 0.000000 0.000000 0.000000 1.000000 0.383789 0.383789 0.383789
2825.856689 -2.015747 1843.340454 0.000000 0.000000 0.000000 1.000000 1.000000 1.000000 1.000000
2824.525635 -1.184326 1842.370728 0.000000 -0.616225 0.000000 0.787570 0.728894 0.728894 0.728894
"}
