object={
	name="cliff big 01"
	render_pass=MapUnderWater
	clamp_to_water_level=no
	generated_content=no
	layer="gh_environmental"
	pdxmesh="cliff_big_01_mesh"
	count=4
	transform="2550.278564 -1.985779 1546.732300 0.000000 0.704406 0.000000 0.709797 1.000000 1.000000 1.000000
2868.739014 1.051239 121.713837 0.000000 0.000000 0.000000 1.000000 1.000000 1.000000 1.000000
2700.347656 -2.089111 2390.876465 0.000000 -0.950873 0.000000 0.309582 1.062624 1.062624 1.062624
3144.528320 -1.761719 2723.689941 0.000000 -0.138863 0.000000 0.990312 0.712720 0.712720 0.712720
"}
object={
	name="cliff big 02"
	render_pass=Map
	clamp_to_water_level=no
	generated_content=no
	layer="gh_environmental"
	pdxmesh="cliff_big_02_mesh"
	count=3
	transform="3096.231689 -2.432373 1268.876343 0.000000 0.369252 0.000000 0.929329 1.850600 1.850600 1.850600
3098.428955 -6.326355 1269.188110 0.000000 0.369252 0.000000 0.929329 1.850600 1.850600 1.850600
3426.694092 -1.424194 2371.037598 0.000000 -0.459432 0.000000 0.888213 1.000000 1.000000 1.000000
"}
object={
	name="cliff end 01"
	render_pass=Map
	clamp_to_water_level=no
	generated_content=no
	layer="gh_environmental"
	pdxmesh="cliff_end_01_mesh"
	count=1
	transform="1874.956421 -1.439209 2496.031738 0.000000 -0.745099 0.000000 0.666954 0.748145 0.748145 0.748145
"}
object={
	name="cliff end 02"
	render_pass=Map
	clamp_to_water_level=no
	generated_content=no
	layer="gh_environmental"
	pdxmesh="cliff_end_02_mesh"
	count=2
	transform="2867.846436 1.028625 124.086319 0.000000 -0.738190 0.000000 0.674593 1.000000 1.000000 1.000000
2696.682861 -0.908203 2392.015625 0.000000 -0.721164 0.000000 0.692764 1.000000 1.000000 1.000000
"}
object={
	name="cliff rock 01"
	render_pass=MapUnderWater
	clamp_to_water_level=no
	generated_content=no
	layer="gh_environmental"
	pdxmesh="cliff_rock_01_mesh"
	count=143
	transform="2292.687256 -1.244385 1827.376221 0.000000 -0.248646 0.000000 0.968595 1.000000 1.000000 1.000000
3097.708252 -9.050476 1272.403198 0.000000 0.000000 0.000000 1.000000 4.490827 4.490827 4.490827
3095.416260 1.693726 1267.799438 0.000000 -0.977778 0.000000 0.209641 2.250379 2.250379 2.250379
2189.441162 -0.990234 2562.393066 0.000000 0.672001 0.000000 0.740550 1.000000 1.000000 1.000000
3424.863525 -1.797852 2368.687988 0.000000 0.000000 0.000000 1.000000 2.085095 2.085095 2.085095
3484.032959 -0.092163 2344.356934 0.000000 0.000000 0.000000 1.000000 2.170337 2.170337 2.170337
3406.001221 0.524414 2400.539551 0.000000 0.000000 0.000000 1.000000 1.954606 1.954606 1.954606
3085.225830 0.841675 2371.357422 0.000000 0.000000 0.000000 1.000000 1.090271 1.090271 1.090271
2034.675171 0.000000 1896.766357 0.000000 -0.976468 0.000000 0.215664 4.315564 4.315564 4.315564
2054.458496 -2.517456 1893.463013 0.000000 -0.488604 0.000000 -0.872505 4.130139 4.130139 4.130139
2022.741821 -0.608643 1930.744751 0.000000 -0.569174 0.000000 -0.822218 3.094532 3.094532 3.094532
2031.379150 3.187744 1877.958130 0.000000 -0.753068 0.000000 0.657943 0.644391 0.644391 0.644391
2021.379028 3.187744 1888.600708 0.000000 -0.866749 0.000000 -0.498745 1.273700 1.273700 1.273700
2057.419434 1.632935 1871.476929 0.000000 -0.866749 0.000000 -0.498745 0.908471 0.908471 0.908471
2075.755859 1.632935 1896.348755 0.000000 -0.807545 0.000000 0.589806 0.908471 0.908471 0.908471
2072.582520 1.632935 1881.850098 0.000000 0.090842 0.000000 0.995865 0.965015 0.965015 0.965015
2093.624756 1.632935 1861.372192 0.000000 0.820216 0.000000 0.572055 0.707007 0.707007 0.707007
2098.375732 1.632935 1857.924805 0.000000 0.995380 0.000000 0.096014 1.025225 1.025225 1.025225
2097.406982 2.687134 1855.936523 0.000000 -0.893744 0.000000 -0.448576 1.025225 1.025225 1.025225
2078.617188 1.542358 1878.496704 0.000000 -0.893744 0.000000 -0.448576 1.025225 1.025225 1.025225
2072.708496 2.750732 1895.401123 0.000000 -0.612313 0.000000 0.790615 1.025225 1.025225 1.025225
2069.178223 1.281372 1900.949951 0.000000 0.569208 0.000000 0.822193 1.025225 1.025225 1.025225
2038.916138 1.281372 1903.547729 0.000000 0.814013 0.000000 -0.580846 1.500213 1.500213 1.500213
2038.759155 0.087769 1889.206421 0.000000 0.983591 0.000000 0.180416 1.500213 1.500213 1.500213
2052.676758 -0.682129 1884.676758 0.000000 0.983591 0.000000 0.180416 2.177952 2.177952 2.177952
2051.586914 -0.682129 1883.300903 0.000000 0.801511 0.000000 -0.597980 1.792225 1.792225 1.792225
2058.675781 0.113403 1888.380249 0.000000 0.004281 0.000000 -0.999991 1.790826 1.790826 1.790826
2059.929199 0.113403 1894.750244 0.000000 -0.921192 0.000000 -0.389107 1.531810 1.531810 1.531810
2080.467773 0.000000 1884.861450 0.000000 -0.921192 0.000000 -0.389107 3.138245 3.138245 3.138245
2546.427490 0.000000 1546.812866 0.000000 0.000000 0.000000 1.000000 1.000000 1.000000 1.000000
2550.337158 0.000000 1539.577271 0.000000 0.000000 0.000000 1.000000 1.000000 1.000000 1.000000
2542.482666 1.226196 1522.783813 0.000000 0.226345 0.000000 -0.974047 0.654321 0.654321 0.654321
2539.494385 1.933044 1524.172363 0.000000 0.608183 0.000000 -0.793797 0.654321 0.654321 0.654321
2541.141846 1.933044 1532.880859 0.000000 0.978205 0.000000 0.207641 0.654321 0.654321 0.654321
2556.690674 0.964294 1517.637817 0.000000 0.978205 0.000000 0.207641 1.359130 1.359130 1.359130
2542.641357 1.635193 1516.817505 0.000000 0.793293 0.000000 0.608840 0.992459 0.992459 0.992459
2554.424561 2.162170 1525.047729 0.000000 0.000000 0.000000 1.000000 1.112738 1.112738 1.112738
2546.037842 -1.190857 1542.904175 0.000000 0.000000 0.000000 1.000000 1.000000 1.000000 1.000000
1882.239136 -1.192657 511.867340 0.000000 0.000000 0.000000 1.000000 2.203943 2.203943 2.203943
1764.458862 -1.035767 558.585999 0.000000 0.000000 0.000000 1.000000 1.284473 1.284473 1.284473
2448.895508 -1.641571 230.583084 0.000000 0.000000 0.000000 1.000000 2.010115 2.010115 2.010115
2483.646729 -0.272125 251.105621 0.000000 0.845464 0.000000 0.534032 0.860354 0.860354 0.860354
2484.007324 -0.272125 247.088882 0.000000 -0.211895 0.000000 0.977292 0.447391 0.447391 0.447391
2472.629883 -0.272125 271.717560 0.000000 -0.211895 0.000000 0.977292 0.447391 0.447391 0.447391
2472.629883 -0.272125 271.717560 0.000000 0.327106 0.000000 0.944988 0.447391 0.447391 0.447391
2472.659180 0.585571 275.557739 0.000000 -0.979824 0.000000 0.199861 0.447391 0.447391 0.447391
2442.736572 0.585571 334.748047 0.000000 -0.804947 0.000000 -0.593347 0.711739 0.711739 0.711739
2398.614990 -0.155853 338.550659 0.000000 -0.804947 0.000000 -0.593347 0.711739 0.711739 0.711739
2396.669189 -0.155853 336.588806 0.000000 0.999399 0.000000 -0.034666 1.086576 1.086576 1.086576
2360.350830 -1.194489 325.618103 0.000000 0.999399 0.000000 -0.034666 1.086576 1.086576 1.086576
2358.613770 -1.194489 311.119812 0.000000 0.992746 0.000000 -0.120227 1.086576 1.086576 1.086576
2359.789307 -1.194489 314.228271 0.000000 0.848440 0.000000 0.529292 1.443704 1.443704 1.443704
2345.549805 0.000000 276.724182 0.000000 0.848440 0.000000 0.529292 1.443704 1.443704 1.443704
2382.220947 0.000000 235.113892 0.000000 0.000000 0.000000 1.000000 1.000000 1.000000 1.000000
2499.114502 0.000000 288.961945 0.000000 0.000000 0.000000 1.000000 1.000000 1.000000 1.000000
2922.600098 0.000000 230.283737 0.000000 0.966389 0.000000 0.257086 0.727332 0.727332 0.727332
2911.194580 0.000000 226.846405 0.000000 0.852437 0.000000 0.522829 0.603514 0.603514 0.603514
2908.910889 0.000000 223.011414 0.000000 0.983448 0.000000 -0.181188 0.437063 0.437063 0.437063
2917.730957 0.000000 228.594574 0.000000 0.983448 0.000000 -0.181188 0.437063 0.437063 0.437063
2959.587646 0.000000 300.857574 0.000000 0.966389 0.000000 0.257086 0.727332 0.727332 0.727332
2954.718506 0.000000 299.168396 0.000000 0.983448 0.000000 -0.181188 0.437063 0.437063 0.437063
2949.124512 0.000000 363.988953 0.000000 0.000000 0.000000 1.000000 1.000000 1.000000 1.000000
2955.995850 0.000000 362.673279 0.000000 0.427929 0.000000 0.903813 0.600912 0.600912 0.600912
2962.370117 0.000000 335.789337 0.000000 0.000000 0.000000 1.000000 1.000000 1.000000 1.000000
2973.786377 0.000000 314.131104 0.000000 0.870318 0.000000 0.492491 1.077454 1.077454 1.077454
2971.632080 0.000000 313.807098 0.000000 0.994236 0.000000 0.107211 0.646997 0.646997 0.646997
2969.249023 0.000000 313.945099 0.000000 0.375455 0.000000 0.926841 1.090620 1.090620 1.090620
2967.150146 0.000000 315.138458 0.000000 -0.524912 0.000000 0.851156 0.842901 0.842901 0.842901
2965.868896 0.000000 316.861908 0.000000 -0.650438 0.000000 0.759560 1.213129 1.213129 1.213129
2870.068359 0.000000 116.384590 0.000000 -0.478300 0.000000 0.878196 1.515508 1.515508 1.515508
2864.748779 0.000000 127.177376 0.000000 -0.478300 0.000000 0.878196 0.968370 0.968370 0.968370
2862.448242 0.000000 127.052238 0.000000 -0.847631 0.000000 0.530586 1.145919 1.145919 1.145919
2861.889404 0.000000 121.034058 0.000000 0.000000 0.000000 1.000000 1.530022 1.530022 1.530022
2858.602051 0.000000 122.027260 0.000000 0.000000 0.000000 1.000000 1.000000 1.000000 1.000000
2865.405762 0.000000 125.792091 0.000000 -0.335066 0.000000 0.942195 1.000000 1.000000 1.000000
2868.432617 0.000000 119.119125 0.000000 0.000000 0.000000 1.000000 1.500340 1.500340 1.500340
2870.275635 0.000000 132.647141 0.000000 0.000000 0.000000 1.000000 1.799051 1.799051 1.799051
1833.958252 1.445923 1846.291992 0.000000 -0.983849 0.000000 0.179000 1.593165 1.593165 1.593165
1850.026855 2.303345 1834.055054 0.000000 -0.041342 0.000000 0.999145 1.593165 1.593165 1.593165
1844.163818 1.632812 1840.631836 0.000000 0.821228 0.000000 0.570601 0.775483 0.775483 0.775483
1842.750732 2.303345 1842.294067 0.000000 -0.286898 0.000000 0.957961 1.794527 1.794527 1.794527
1836.492554 1.632812 1846.413452 0.000000 0.654806 0.000000 0.755797 1.112272 1.112272 1.112272
1841.930176 2.303345 1862.919189 0.000000 -0.449281 0.000000 0.893391 1.771719 1.771719 1.771719
1830.678711 3.028320 1846.665649 0.000000 -0.381107 0.000000 0.924531 0.827805 0.827805 0.827805
1851.044678 1.632812 1846.296753 0.000000 0.785848 0.000000 0.618420 0.897568 0.897568 0.897568
1857.655273 1.632812 1852.740845 0.000000 0.892670 0.000000 -0.450711 1.109074 1.109074 1.109074
1852.439697 1.632812 1854.719482 0.000000 -0.153175 0.000000 0.988199 0.711545 0.711545 0.711545
1832.794189 3.028320 1867.135132 0.000000 -0.952159 0.000000 0.305602 0.989318 0.989318 0.989318
1834.376709 3.028320 1868.397827 0.000000 -0.218442 0.000000 0.975850 1.189947 1.189947 1.189947
1828.228760 3.028320 1849.234131 0.000000 -0.714441 0.000000 0.699696 1.508029 1.508029 1.508029
1858.032715 1.445923 2016.779419 0.000000 -0.727875 0.000000 0.685709 1.593165 1.593165 1.593165
1880.569580 2.303345 1991.337524 0.000000 -0.041342 0.000000 0.999145 1.593165 1.593165 1.593165
1874.706543 1.632812 1997.914307 0.000000 0.821228 0.000000 0.570601 0.775483 0.775483 0.775483
1887.631470 2.303345 2016.175537 0.000000 0.280792 0.000000 0.959769 1.794527 1.794527 1.794527
1888.670654 1.632812 2023.458130 0.000000 0.960706 0.000000 0.277570 1.112272 1.112272 1.112272
1849.837524 2.303345 2005.422241 0.000000 -0.449281 0.000000 0.893391 1.771719 1.771719 1.771719
1857.195312 3.028320 2019.856201 0.000000 0.183567 0.000000 0.983007 0.827805 0.827805 0.827805
1885.192261 1.632812 2005.296997 0.000000 0.785848 0.000000 0.618420 0.897568 0.897568 0.897568
1895.347534 1.632812 2012.369263 0.000000 0.817824 0.000000 -0.575468 1.205266 1.205266 1.205266
1862.290771 1.632812 2000.388428 0.000000 -0.008166 0.000000 0.999967 0.773259 0.773259 0.773259
1863.336914 3.028320 2024.417603 0.000000 -0.952159 0.000000 0.305602 0.989318 0.989318 0.989318
1864.919434 3.028320 2025.680298 0.000000 -0.218442 0.000000 0.975850 1.189947 1.189947 1.189947
1858.528442 3.028320 2023.231201 0.000000 -0.218442 0.000000 0.975850 1.508029 1.508029 1.508029
1991.112305 2.303345 2076.577393 0.000000 0.547985 0.000000 0.836488 1.593165 1.593165 1.593165
1995.379272 1.632812 2081.487061 0.000000 0.999901 0.000000 -0.014070 0.987464 0.987464 0.987464
2015.938843 2.303345 2078.397949 0.000000 0.786997 0.000000 0.616956 1.593165 1.593165 1.593165
2022.211548 1.632812 2079.756104 0.000000 0.942740 0.000000 -0.333529 0.987464 0.987464 0.987464
1994.561646 2.303345 2110.330811 0.000000 0.154723 0.000000 0.987958 1.771719 1.771719 1.771719
2010.359863 1.632812 2101.713623 0.000000 0.630395 0.000000 -0.776275 0.827805 0.827805 0.827805
2005.634399 1.632812 2076.711670 0.000000 0.998969 0.000000 0.045408 0.897568 0.897568 0.897568
2014.924927 1.632812 2071.060303 0.000000 0.330008 0.000000 -0.943978 1.070024 1.070024 1.070024
1993.388916 1.632812 2097.501953 0.000000 0.575439 0.000000 0.817844 0.984632 0.984632 0.984632
2004.739868 1.632812 2106.675537 0.000000 0.849318 0.000000 0.527882 0.989318 0.989318 0.989318
2003.183594 1.632812 2108.427490 0.000000 0.885185 0.000000 -0.465238 1.189947 1.189947 1.189947
2006.596191 1.632812 2102.572021 0.000000 0.885185 0.000000 -0.465238 1.508029 1.508029 1.508029
2170.650635 2.303345 2045.639404 0.000000 0.786997 0.000000 0.616956 1.593165 1.593165 1.593165
2176.923340 1.632812 2046.997681 0.000000 0.942740 0.000000 -0.333529 0.987464 0.987464 0.987464
2158.214600 2.303345 2071.715088 0.000000 0.365940 0.000000 -0.930638 1.335572 1.335572 1.335572
2152.895264 1.632812 2073.565430 0.000000 -0.589363 0.000000 -0.807868 0.827805 0.827805 0.827805
2160.346191 1.632812 2043.953247 0.000000 0.998969 0.000000 0.045408 0.897568 0.897568 0.897568
2169.636719 1.632812 2038.301636 0.000000 0.330008 0.000000 -0.943978 1.070024 1.070024 1.070024
2166.053223 1.632812 2065.915039 0.000000 -0.083056 0.000000 -0.996545 0.742244 0.742244 0.742244
2164.064941 1.632812 2076.633301 0.000000 -0.465944 0.000000 -0.884814 0.745776 0.745776 0.745776
2161.974854 1.632812 2076.534912 0.000000 -0.998938 0.000000 -0.046070 0.897016 0.897016 0.897016
2167.006592 1.632812 2076.635010 0.000000 -0.998938 0.000000 -0.046070 1.136794 1.136794 1.136794
2256.892334 2.303345 1924.398438 0.000000 0.568251 0.000000 -0.822855 1.116771 1.116771 1.116771
2231.004883 1.632812 1931.719360 0.000000 0.868981 0.000000 -0.494845 0.704808 0.704808 0.704808
2239.708496 1.632812 1915.691162 0.000000 0.051591 0.000000 -0.998668 0.772816 0.772816 0.772816
2259.123779 1.632812 1923.928223 0.000000 -0.252212 0.000000 -0.967672 0.742244 0.742244 0.742244
2263.697266 1.632812 1923.030518 0.000000 -0.252212 0.000000 -0.967672 0.623598 0.623598 0.623598
2262.127441 1.632812 1922.225098 0.000000 -0.962202 0.000000 -0.272338 0.750061 0.750061 0.750061
2265.852051 1.632812 1924.169067 0.000000 -0.962202 0.000000 -0.272338 0.950558 0.950558 0.950558
2693.379883 -0.318359 2388.271729 0.000000 0.994860 0.000000 0.101262 2.489357 2.489357 2.489357
2692.667725 -0.894287 2391.059326 0.000000 0.000000 0.000000 1.000000 1.921240 1.921240 1.921240
2274.333496 0.000000 2435.547363 0.000000 -0.999897 0.000000 -0.014347 1.518194 1.518194 1.518194
2262.300049 0.000000 2439.174316 0.000000 -0.870228 0.000000 0.492650 1.298963 1.298963 1.298963
2269.138916 0.000000 2445.042725 0.000000 0.000000 0.000000 1.000000 2.069287 2.069287 2.069287
1872.359741 -3.989258 2492.425049 0.000000 0.000000 0.000000 1.000000 2.497559 2.497559 2.497559
1750.510620 0.000000 1458.163330 0.000000 -0.860673 0.000000 0.509158 0.689966 0.689966 0.689966
1737.077271 0.000000 1449.579834 0.000000 -0.555102 0.000000 0.831782 1.119251 1.119251 1.119251
3151.393799 0.000000 2726.494385 0.000000 0.000000 0.000000 1.000000 1.000000 1.000000 1.000000
3191.736572 4.570068 2771.336182 0.000000 0.000000 0.000000 1.000000 0.314990 0.314990 0.314990
2517.045410 0.000000 1649.978394 0.000000 0.000000 0.000000 1.000000 1.000000 1.000000 1.000000
"}
object={
	name="cliff rock 02"
	render_pass=Map
	clamp_to_water_level=no
	generated_content=no
	layer="gh_environmental"
	pdxmesh="cliff_rock_02_mesh"
	count=112
	transform="3099.160889 -2.308411 1269.147827 0.000000 0.418639 0.000000 0.908153 3.728230 3.728230 3.728230
2190.562744 0.000000 2561.411621 0.000000 0.000000 0.000000 1.000000 1.000000 1.000000 1.000000
3421.752686 1.529541 2367.760742 0.000000 0.494857 0.000000 0.868975 3.330933 3.330933 3.330933
3483.021729 0.000000 2347.962891 0.000000 0.996068 0.000000 0.088594 3.184619 3.184619 3.184619
3406.583740 0.000000 2398.715332 0.000000 0.000000 0.000000 1.000000 1.000000 1.000000 1.000000
2051.846191 3.062866 1897.903442 0.000000 -0.586285 0.000000 0.810105 5.584375 5.584375 5.584375
2066.072266 4.704834 1903.528320 0.000000 -0.586285 0.000000 0.810105 2.473047 2.473047 2.473047
2082.608398 2.219360 1889.165283 0.000000 0.410315 0.000000 -0.911944 0.527804 0.527804 0.527804
2083.941895 1.744263 1884.860840 0.000000 -0.706714 0.000000 -0.707500 0.527804 0.527804 0.527804
2095.164795 2.488892 1857.502563 0.000000 -0.930319 0.000000 0.366751 0.527804 0.527804 0.527804
2075.932617 2.527100 1879.722900 0.000000 -0.586285 0.000000 0.810105 1.391757 1.391757 1.391757
2046.989624 3.017822 1872.436401 0.000000 -0.586285 0.000000 0.810105 4.240283 4.240283 4.240283
2547.197998 0.240173 1546.562134 0.000000 0.000000 0.000000 1.000000 1.501416 1.501416 1.501416
2551.649658 3.441528 1529.669312 0.000000 0.000000 0.000000 1.000000 1.839062 1.839062 1.839062
2529.966064 2.661072 1538.227661 0.000000 -0.986797 0.000000 -0.161959 0.725763 0.725763 0.725763
2555.674561 2.661072 1515.733521 0.000000 0.485005 0.000000 -0.874511 0.725763 0.725763 0.725763
2554.393311 2.417175 1528.382935 0.000000 0.485005 0.000000 -0.874511 0.725763 0.725763 0.725763
2554.251709 2.627991 1530.967651 0.000000 0.756631 0.000000 -0.653842 0.725763 0.725763 0.725763
2554.055908 2.627991 1516.889526 0.000000 0.775099 0.000000 0.631840 1.000000 1.000000 1.000000
2541.919189 1.515686 1523.361450 0.000000 0.000000 0.000000 1.000000 1.000000 1.000000 1.000000
2548.744385 0.262878 1535.310791 0.000000 0.000000 0.000000 1.000000 1.000000 1.000000 1.000000
2546.925537 -0.693054 1542.875854 0.000000 0.000000 0.000000 1.000000 1.379627 1.379627 1.379627
2544.599365 0.000000 1548.186035 0.000000 0.000000 0.000000 1.000000 1.000000 1.000000 1.000000
2446.842285 -0.652069 229.217514 0.000000 0.000000 0.000000 1.000000 2.838151 2.838151 2.838151
2412.698486 0.000000 223.437256 0.000000 0.000000 0.000000 1.000000 1.000000 1.000000 1.000000
2428.290527 0.000000 222.358429 0.000000 -0.753155 0.000000 0.657844 1.000000 1.000000 1.000000
2359.481201 -0.267303 316.437500 0.000000 -0.131497 0.000000 0.991317 1.265627 1.265627 1.265627
2358.119385 -0.267303 312.022034 0.000000 0.827818 0.000000 0.560997 1.265627 1.265627 1.265627
2344.454590 -0.267303 274.779633 0.000000 0.827818 0.000000 0.560997 1.265627 1.265627 1.265627
2345.433594 -0.267303 279.547699 0.000000 -0.375410 0.000000 0.926859 1.265627 1.265627 1.265627
2355.814697 -0.267303 299.171997 0.000000 -0.375410 0.000000 0.926859 1.265627 1.265627 1.265627
2356.635986 -0.267303 300.616425 0.000000 -0.375410 0.000000 0.926859 1.845024 1.845024 1.845024
2353.565186 -0.267303 274.119049 0.000000 -0.375410 0.000000 0.926859 2.518738 2.518738 2.518738
2354.601318 -0.267303 273.224152 -0.000000 -0.980466 0.000000 0.196690 1.390843 1.390843 1.390843
2393.716553 -0.267303 242.901245 -0.000000 -0.980466 0.000000 0.196690 1.390843 1.390843 1.390843
2390.949219 -0.267303 239.146698 -0.000000 -0.980466 0.000000 0.196690 2.366347 2.366347 2.366347
2379.438965 -0.267303 237.365402 -0.000000 -0.980466 0.000000 0.196690 1.517105 1.517105 1.517105
2381.685303 0.000000 235.018082 0.000000 -0.180982 0.000000 -0.983486 1.517105 1.517105 1.517105
2415.197998 0.000000 222.474243 0.000000 0.959539 0.000000 -0.281575 2.132102 2.132102 2.132102
2430.876465 0.000000 220.131348 0.000000 0.875263 0.000000 0.483648 1.000000 1.000000 1.000000
2432.612305 0.000000 233.390518 0.000000 0.875263 0.000000 0.483648 1.000000 1.000000 1.000000
2469.692139 0.000000 257.851624 0.000000 0.875263 0.000000 0.483648 1.000000 1.000000 1.000000
2475.020508 0.000000 271.404755 0.000000 0.000000 0.000000 1.000000 1.000000 1.000000 1.000000
2483.062744 0.000000 248.539886 0.000000 0.000000 0.000000 1.000000 1.000000 1.000000 1.000000
2497.767578 0.000000 284.777618 0.000000 0.000000 0.000000 1.000000 1.000000 1.000000 1.000000
2950.124023 0.000000 346.812469 0.000000 0.000000 0.000000 1.000000 1.000000 1.000000 1.000000
2951.290039 0.000000 341.526703 0.000000 -0.499755 0.000000 0.866167 1.111017 1.111017 1.111017
2920.602295 0.000000 229.295578 0.000000 0.966389 0.000000 0.257086 0.727332 0.727332 0.727332
2910.166260 -0.131073 225.493713 0.000000 0.546710 0.000000 0.837322 1.004329 1.004329 1.004329
2907.819580 -0.131073 223.666092 0.000000 0.966389 0.000000 0.257086 0.727332 0.727332 0.727332
2916.639648 -0.131073 229.249252 0.000000 0.966389 0.000000 0.257086 0.727332 0.727332 0.727332
2957.589844 0.000000 299.869415 0.000000 0.966389 0.000000 0.257086 0.727332 0.727332 0.727332
2953.627197 -0.131073 299.823059 0.000000 0.966389 0.000000 0.257086 0.727332 0.727332 0.727332
2952.066895 0.000000 363.744263 0.000000 0.000000 0.000000 1.000000 1.000000 1.000000 1.000000
2956.826660 -0.131073 361.092346 0.000000 0.000000 0.000000 1.000000 1.000000 1.000000 1.000000
2963.573730 0.000000 336.479156 0.000000 0.000000 0.000000 1.000000 1.000000 1.000000 1.000000
2969.321289 0.000000 317.300903 0.000000 0.000000 0.000000 1.000000 1.000000 1.000000 1.000000
2968.158447 0.000000 320.475830 0.000000 -0.725652 0.000000 0.688062 1.204413 1.204413 1.204413
2966.041016 0.000000 330.133698 0.000000 0.000000 0.000000 1.000000 1.000000 1.000000 1.000000
1853.248535 2.732544 1857.315918 0.000000 -0.991361 0.000000 -0.131159 0.598519 0.598519 0.598519
1849.747559 2.732544 1862.049805 0.000000 -0.111423 0.000000 -0.993773 0.754800 0.754800 0.754800
1854.916382 2.732544 1852.272705 0.000000 0.889109 0.000000 0.457695 1.985477 1.985477 1.985477
1845.953369 2.732544 1868.106445 0.000000 0.471005 0.000000 0.882130 2.130256 2.130256 2.130256
1844.132812 1.155762 1875.376831 0.000000 0.868687 0.000000 -0.495362 1.468366 1.468366 1.468366
1851.015259 2.013184 1839.969849 0.000000 0.275087 0.000000 -0.961419 1.468366 1.468366 1.468366
1832.599854 2.013184 1854.336670 0.000000 -0.047276 0.000000 -0.998882 1.653955 1.653955 1.653955
1833.515137 3.408691 1858.823853 0.000000 0.535558 0.000000 0.844499 1.099396 1.099396 1.099396
1837.604858 2.013184 1868.252075 0.000000 0.646728 0.000000 -0.762721 1.632934 1.632934 1.632934
1860.979004 2.013184 1857.446655 0.000000 0.959730 0.000000 0.280925 1.085102 1.085102 1.085102
1863.926636 2.732544 2002.817017 0.000000 -0.999901 0.000000 0.014076 0.650430 0.650430 0.650430
1880.290283 2.732544 2019.332275 0.000000 -0.111423 0.000000 -0.993773 0.754800 0.754800 0.754800
1892.348877 2.732544 2012.699829 0.000000 0.946112 0.000000 0.323841 2.157680 2.157680 2.157680
1853.860718 2.732544 2010.609497 0.000000 0.471005 0.000000 0.882130 2.130256 2.130256 2.130256
1881.557983 2.013184 1997.252319 0.000000 0.275087 0.000000 -0.961419 1.468366 1.468366 1.468366
1892.570557 2.013184 2020.745361 0.000000 -0.047276 0.000000 -0.998882 1.653955 1.653955 1.653955
1864.057861 3.408691 2016.106323 0.000000 0.535558 0.000000 0.844499 1.099396 1.099396 1.099396
1872.006348 2.013184 2000.529541 0.000000 0.990335 0.000000 0.138695 1.179215 1.179215 1.179215
1865.327637 2.013184 1995.072754 0.000000 -0.999999 0.000000 -0.001195 1.353854 1.353854 1.353854
1996.909180 2.732544 2096.621094 0.000000 -0.804844 0.000000 0.593487 0.828228 0.828228 0.828228
2017.374878 2.732544 2085.863770 0.000000 -0.669074 0.000000 -0.743196 0.754800 0.754800 0.754800
2014.227173 2.732544 2073.748779 0.000000 0.957808 0.000000 -0.287409 1.915568 1.915568 1.915568
2000.443970 2.732544 2108.045410 0.000000 0.896470 0.000000 0.443105 2.130256 2.130256 2.130256
1996.965210 2.013184 2077.489502 0.000000 -0.335963 0.000000 -0.941875 1.468366 1.468366 1.468366
2021.099976 2.013184 2075.553955 0.000000 -0.619889 0.000000 -0.784690 1.468366 1.468366 1.468366
2013.132812 2.013184 2108.802979 0.000000 0.296960 0.000000 -0.954890 1.099396 1.099396 1.099396
1998.217163 2.013184 2116.047119 0.000000 0.081887 0.000000 -0.996641 1.632934 1.632934 1.632934
1997.426270 2.013184 2085.989990 0.000000 0.885993 0.000000 -0.463698 1.501559 1.501559 1.501559
1988.138916 2.013184 2091.827881 0.000000 -0.813813 0.000000 0.581127 1.723936 1.723936 1.723936
2167.716309 2.732544 2068.221191 0.000000 0.994451 0.000000 -0.105199 0.624341 0.624341 0.624341
2172.086670 2.732544 2053.105225 0.000000 -0.669074 0.000000 -0.743196 0.754800 0.754800 0.754800
2168.938965 2.732544 2040.990234 0.000000 0.957808 0.000000 -0.287409 1.915568 1.915568 1.915568
2161.046143 2.732544 2074.230469 0.000000 -0.549485 0.000000 -0.835504 1.605847 1.605847 1.605847
2175.811768 2.013184 2042.795288 0.000000 -0.619889 0.000000 -0.784690 1.468366 1.468366 1.468366
2153.780762 2.013184 2066.149902 0.000000 -0.847270 0.000000 -0.531162 1.099396 1.099396 1.099396
2155.837646 2.013184 2075.960693 -0.000000 -0.574480 0.000000 0.818518 1.230951 1.230951 1.230951
2151.633545 2.013184 2048.315674 0.000000 0.612982 0.000000 -0.790097 1.334690 1.334690 1.334690
2150.187012 2.013184 2057.945068 0.000000 -0.498512 0.000000 0.866883 1.532355 1.532355 1.532355
2261.436035 2.732544 1925.536987 0.000000 0.961823 0.000000 -0.273672 0.624341 0.624341 0.624341
2256.176025 2.732544 1916.978760 0.000000 -0.786287 0.000000 -0.617862 0.754800 0.754800 0.754800
2262.256592 2.732544 1920.111572 0.000000 -0.344786 0.000000 -0.938681 1.342768 1.342768 1.342768
2229.062744 2.013184 1937.608032 0.000000 0.623011 0.000000 -0.782213 0.936045 0.936045 0.936045
2228.881104 2.013184 1929.034546 0.000000 -0.748776 0.000000 -0.662823 1.048054 1.048054 1.048054
2246.932861 2.013184 1912.058838 0.000000 -0.786287 0.000000 -0.617862 1.149182 1.149182 1.149182
2248.960449 2.013184 1934.578857 0.000000 -0.961896 0.000000 0.273416 1.352379 1.352379 1.352379
2086.598633 2.013184 1661.578979 0.000000 0.000000 0.000000 1.000000 1.000000 1.000000 1.000000
2691.801025 -0.521729 2388.859619 0.000000 0.000000 0.000000 1.000000 3.464942 3.464942 3.464942
2271.003906 0.758789 2440.431396 0.000000 0.000000 0.000000 1.000000 3.424365 3.424365 3.424365
1764.136230 0.000000 1449.390381 0.000000 0.000000 0.000000 1.000000 1.000000 1.000000 1.000000
1751.638062 0.000000 1443.162842 0.000000 0.416823 0.000000 0.908988 1.406616 1.406616 1.406616
1798.190674 0.000000 1439.674805 0.000000 0.000000 0.000000 1.000000 1.000000 1.000000 1.000000
1805.798218 0.000000 1443.470459 0.000000 -0.986493 0.000000 0.163805 1.335400 1.335400 1.335400
3197.132080 2.691406 2778.502441 0.000000 0.000000 0.000000 1.000000 0.443848 0.443848 0.443848
"}
object={
	name="cliff rock 03"
	render_pass=Map
	clamp_to_water_level=no
	generated_content=no
	layer="gh_environmental"
	pdxmesh="cliff_rock_03_mesh"
	count=32
	transform="3100.476318 -3.748840 1267.322266 0.000000 0.000000 0.000000 1.000000 2.715026 2.715026 2.715026
3094.660889 1.048645 1269.833008 0.000000 -0.811697 0.000000 0.584078 2.576282 2.576282 2.576282
3424.887939 -0.381714 2370.050293 0.000000 0.000000 0.000000 1.000000 1.000000 1.000000 1.000000
3404.459229 0.046143 2399.871582 0.000000 -0.259449 0.000000 0.965757 0.542578 0.542578 0.542578
2047.185425 0.760254 1892.065063 0.000000 -0.586285 0.000000 0.810105 3.155847 3.155847 3.155847
2550.437256 1.590332 1521.868042 0.000000 0.000000 0.000000 1.000000 1.000000 1.000000 1.000000
2560.190674 2.160583 1509.904175 0.000000 0.968634 0.000000 0.248494 1.338110 1.338110 1.338110
2543.830811 1.508362 1519.055054 0.000000 0.000000 0.000000 1.000000 1.000000 1.000000 1.000000
2545.151611 -0.654968 1549.297119 0.000000 0.000000 0.000000 1.000000 1.000000 1.000000 1.000000
2429.596436 0.000000 224.258163 0.000000 0.000000 0.000000 1.000000 1.000000 1.000000 1.000000
2499.590576 0.000000 286.919739 0.000000 0.000000 0.000000 1.000000 1.000000 1.000000 1.000000
2492.163818 0.000000 288.366394 0.000000 0.996346 0.000000 -0.085411 1.496704 1.496704 1.496704
2951.420410 0.000000 343.484558 0.000000 0.000000 0.000000 1.000000 1.000000 1.000000 1.000000
2922.089111 0.000000 228.702698 0.000000 0.966389 0.000000 0.257086 0.727332 0.727332 0.727332
2920.323486 0.000000 232.348618 0.000000 0.193325 0.000000 0.981135 0.573994 0.573994 0.573994
2959.076660 0.000000 299.276520 0.000000 0.966389 0.000000 0.257086 0.727332 0.727332 0.727332
2957.311035 0.000000 302.922424 0.000000 0.193325 0.000000 0.981135 0.573994 0.573994 0.573994
2950.715332 0.000000 365.593567 0.000000 0.000000 0.000000 1.000000 1.000000 1.000000 1.000000
2950.331055 0.000000 360.037323 0.000000 -0.898457 0.000000 0.439062 0.789178 0.789178 0.789178
2943.359131 0.000000 374.891266 0.000000 0.000000 0.000000 1.000000 1.000000 1.000000 1.000000
2963.461426 0.000000 334.819061 0.000000 0.000000 0.000000 1.000000 1.000000 1.000000 1.000000
2972.640869 0.000000 318.329224 0.000000 0.000000 0.000000 1.000000 1.000000 1.000000 1.000000
2964.298340 0.000000 341.597534 0.000000 0.000000 0.000000 1.000000 1.000000 1.000000 1.000000
2863.946777 0.000000 121.283165 0.000000 0.000000 0.000000 1.000000 1.000000 1.000000 1.000000
2861.020752 0.000000 126.299759 0.000000 0.000000 0.000000 1.000000 1.561464 1.561464 1.561464
2866.759766 0.000000 121.970749 0.000000 -0.999674 0.000000 -0.025514 2.194457 2.194457 2.194457
2058.045166 1.279907 1676.770508 0.000000 0.000000 0.000000 1.000000 1.000000 1.000000 1.000000
2684.605469 0.067871 2398.547119 0.000000 0.000000 0.000000 1.000000 1.040088 1.040088 1.040088
2266.394287 -1.072510 2436.377197 0.000000 0.000000 0.000000 1.000000 2.355225 2.355225 2.355225
1775.948730 0.000000 1434.785522 0.000000 0.000000 0.000000 1.000000 1.000000 1.000000 1.000000
1799.255493 0.000000 1425.083984 0.000000 0.000000 0.000000 1.000000 1.000000 1.000000 1.000000
3198.039551 2.632812 2772.218262 0.000000 0.000000 0.000000 1.000000 0.496191 0.496191 0.496191
"}
object={
	name="cliff small 01"
	render_pass=Map
	clamp_to_water_level=no
	generated_content=no
	layer="gh_environmental"
	pdxmesh="cliff_small_01_mesh"
	count=11
	transform="3426.354248 -1.407471 2371.326660 0.000000 0.677138 0.000000 0.735856 1.000000 1.000000 1.000000
3407.530029 0.343384 2401.031250 0.000000 0.334519 0.000000 0.942389 0.404065 0.404065 0.404065
3353.503174 -2.350708 2377.744141 0.000000 0.000000 0.000000 1.000000 1.208978 1.208978 1.208978
2049.068848 -0.666504 1895.912354 0.000000 -0.586285 0.000000 0.810105 2.520740 2.520740 2.520740
2051.354980 -1.377686 1891.277710 0.000000 -0.995347 0.000000 -0.096351 2.027173 2.027173 2.027173
2048.165527 -1.371338 1889.186768 0.000000 -0.586285 0.000000 0.810105 1.921826 1.921826 1.921826
2537.565674 -2.808655 1563.431763 0.000000 0.000000 0.000000 1.000000 1.000000 1.000000 1.000000
2546.211670 -2.116516 1558.415161 0.000000 0.000000 0.000000 1.000000 1.000000 1.000000 1.000000
2547.955811 -2.116516 1544.974731 0.000000 0.000000 0.000000 1.000000 1.000000 1.000000 1.000000
2544.682861 -0.469910 1544.598267 0.000000 0.000000 0.000000 1.000000 1.000000 1.000000 1.000000
2871.938232 0.000000 120.779221 0.000000 0.000000 0.000000 1.000000 1.000000 1.000000 1.000000
"}
