object={
	name="env_coast_foam_l"
	render_pass=MapUnderWater
	clamp_to_water_level=yes
	generated_content=no
	layer="coast_foam_layer"
	entity="env_coast_foam_l"
	count=14
	transform="2535.912842 0.000000 1714.500610 0.000000 0.000000 0.000000 1.000000 1.000000 1.000000 1.000000
3080.073486 0.000000 1559.791626 0.000000 0.405849 0.000000 0.913940 1.478204 1.478204 1.478204
2038.850342 0.000000 1882.248169 0.000000 0.459839 0.000000 0.888002 1.000000 1.000000 1.000000
2058.156738 0.000000 1826.949463 0.000000 -0.992360 0.000000 -0.123377 1.000000 1.000000 1.000000
2034.107666 0.000000 2082.783691 0.000000 0.506835 0.000000 0.862043 1.000000 1.000000 1.000000
2770.427979 0.000000 1903.134521 0.000000 -0.934965 0.000000 0.354740 1.000000 1.000000 1.000000
4566.959961 0.000000 57.178154 0.000000 0.904362 0.000000 0.426766 1.000000 1.000000 1.000000
5303.511719 13.208740 598.450745 0.000000 -0.050089 0.000000 0.998745 3.157262 3.157262 3.157262
5351.398926 10.556702 685.933105 0.000000 0.782425 0.000000 -0.622745 3.068537 3.068537 3.068537
5283.614258 17.064392 708.579468 0.000000 -0.136898 0.000000 0.990585 2.952783 2.952783 2.952783
5320.967285 20.321472 712.612854 0.000000 -0.973755 0.000000 0.227598 2.170175 2.170175 2.170175
5839.569336 0.000000 550.918701 0.000000 -0.495140 0.000000 -0.868813 1.000000 1.000000 1.000000
5814.109375 0.000000 452.297241 0.000000 0.998417 0.000000 0.056240 1.000000 1.000000 1.000000
3973.940918 0.000000 632.715820 0.000000 -0.977102 0.000000 0.212773 1.000000 1.000000 1.000000
"}
object={
	name="env_coast_foam_m"
	render_pass=MapUnderWater
	clamp_to_water_level=yes
	generated_content=no
	layer="coast_foam_layer"
	entity="env_coast_foam_m"
	count=16
	transform="2288.611572 0.000000 1820.472290 0.000000 0.577897 0.000000 0.816109 1.000000 1.000000 1.000000
2057.917725 0.000000 1873.364502 0.000000 -0.295858 0.000000 0.955232 1.000000 1.000000 1.000000
2062.922363 0.000000 1884.321411 0.000000 -0.738375 0.000000 0.674390 1.000000 1.000000 1.000000
2050.399170 0.000000 1895.132568 0.000000 -0.998720 0.000000 0.050572 1.000000 1.000000 1.000000
2034.223633 0.000000 1889.110107 0.000000 0.467922 0.000000 0.883770 1.000000 1.000000 1.000000
2357.820312 0.000000 986.998169 0.000000 -0.916987 0.000000 0.398916 1.221176 1.221176 1.221176
5277.064453 0.127136 663.640076 0.000000 0.708746 0.000000 0.705463 2.111517 2.111517 2.111517
5287.518066 0.000000 667.093445 0.000000 0.708746 0.000000 0.705463 1.314752 1.314752 1.314752
5269.097168 0.000000 664.391602 0.000000 0.700823 0.000000 0.713335 1.591168 1.591168 1.591168
5224.536621 14.999817 643.336975 0.000000 0.637198 0.000000 0.770700 2.964440 2.964440 2.964440
5228.439941 17.126160 681.107300 0.000000 0.889585 0.000000 0.456770 2.471554 2.471554 2.471554
5248.562988 12.801453 607.531311 0.000000 0.329366 0.000000 0.944202 3.195647 3.195647 3.195647
5345.246582 15.024414 624.764587 0.000000 -0.431070 0.000000 0.902318 3.806684 3.806684 3.806684
5831.216309 0.000000 457.153809 0.000000 0.965520 0.000000 0.260328 1.000000 1.000000 1.000000
5795.797852 0.000000 441.836517 0.000000 0.815865 0.000000 0.578242 1.000000 1.000000 1.000000
5785.628418 0.000000 432.911926 0.000000 0.960880 0.000000 0.276966 1.000000 1.000000 1.000000
"}
object={
	name="env_coast_foam_s"
	render_pass=MapUnderWater
	clamp_to_water_level=yes
	generated_content=no
	layer="coast_foam_layer"
	entity="env_coast_foam_s"
	count=14
	transform="3173.137451 2.621338 2323.051758 0.000000 0.128792 0.000000 0.991672 1.000000 1.000000 1.000000
3169.380615 1.050415 2326.690918 0.000000 0.404007 0.000000 0.914756 1.000000 1.000000 1.000000
2693.839844 0.000000 2396.544434 0.000000 0.992566 0.000000 -0.121711 1.000000 1.000000 1.000000
2693.839844 0.000000 2396.544434 0.000000 0.992566 0.000000 -0.121711 1.000000 1.000000 1.000000
2693.839844 0.000000 2396.544434 0.000000 0.992566 0.000000 -0.121711 1.000000 1.000000 1.000000
2693.839844 0.000000 2396.544434 0.000000 0.992566 0.000000 -0.121711 1.000000 1.000000 1.000000
2689.695801 0.000000 2392.738770 0.000000 0.793107 0.000000 0.609082 1.000000 1.000000 1.000000
2689.695801 0.000000 2392.738770 0.000000 0.843935 0.000000 0.536445 1.000000 1.000000 1.000000
2689.695801 0.000000 2392.738770 0.000000 0.843935 0.000000 0.536445 1.000000 1.000000 1.000000
2689.695801 0.000000 2392.738770 0.000000 0.838889 0.000000 0.544302 1.000000 1.000000 1.000000
4570.437012 0.000000 42.780212 0.000000 0.997016 0.000000 -0.077198 1.000000 1.000000 1.000000
5841.251465 0.000000 464.655487 0.000000 0.911448 0.000000 0.411416 1.000000 1.000000 1.000000
5847.972168 0.000000 471.601837 0.000000 0.957374 0.000000 0.288850 1.000000 1.000000 1.000000
5804.338379 0.000000 450.591461 0.000000 0.999201 0.000000 0.039963 1.000000 1.000000 1.000000
"}
