object={
	name="env_desert_ambient_close"
	render_pass=Map
	clamp_to_water_level=yes
	generated_content=no
	layer="env_effect_layer"
	entity="env_desert_plains_ambient"
	count=10
	transform="884.594055 0.000000 326.675659 0.000000 0.000000 0.000000 1.000000 1.000000 1.000000 1.000000
718.360413 0.000000 499.213501 0.000000 0.000000 0.000000 1.000000 1.000000 1.000000 1.000000
631.782349 0.000000 703.312561 0.000000 0.000000 0.000000 1.000000 1.000000 1.000000 1.000000
447.229614 0.000000 809.886963 0.000000 0.000000 0.000000 1.000000 1.000000 1.000000 1.000000
1308.271240 0.000000 1126.076782 0.000000 0.000000 0.000000 1.000000 1.000000 1.000000 1.000000
1435.161377 0.000000 1185.568848 0.000000 0.000000 0.000000 1.000000 1.000000 1.000000 1.000000
1666.723633 0.000000 1014.306335 0.000000 0.000000 0.000000 1.000000 1.000000 1.000000 1.000000
2157.369873 0.000000 724.418579 0.000000 0.000000 0.000000 1.000000 1.000000 1.000000 1.000000
2233.724365 0.000000 905.584473 0.000000 0.000000 0.000000 1.000000 1.000000 1.000000 1.000000
3251.202637 -8.299316 2636.646240 0.000000 0.000000 0.000000 1.000000 0.409788 0.409788 0.409788
"}
object={
	name="env_desert_mountains"
	render_pass=Map
	clamp_to_water_level=yes
	generated_content=no
	layer="env_effect_mountains_layer"
	entity="env_desert_mountains"
	count=1
	transform="470.281830 1.223633 1189.892212 0.000000 0.000000 0.000000 1.000000 1.000000 1.000000 1.000000
"}
object={
	name="env_desert_plains"
	render_pass=Map
	clamp_to_water_level=yes
	generated_content=no
	layer="env_effect_layer"
	entity="env_desert_plains"
	count=89
	transform="2214.216064 0.000000 700.847839 0.000000 0.000000 0.000000 1.000000 1.000000 1.000000 1.000000
2173.790771 0.000000 889.973022 0.000000 0.000000 0.000000 1.000000 1.000000 1.000000 1.000000
2375.881104 0.000000 861.730713 0.000000 0.000000 0.000000 1.000000 1.000000 1.000000 1.000000
2280.022705 0.000000 787.546753 0.000000 0.000000 0.000000 1.000000 1.000000 1.000000 1.000000
2492.490967 0.000000 703.676697 0.000000 0.000000 0.000000 1.000000 1.000000 1.000000 1.000000
2519.559326 0.000000 838.624512 0.000000 0.000000 0.000000 1.000000 1.000000 1.000000 1.000000
2652.183350 0.000000 751.044067 0.000000 0.000000 0.000000 1.000000 1.000000 1.000000 1.000000
2702.894287 0.000000 652.334106 0.000000 0.000000 0.000000 1.000000 1.000000 1.000000 1.000000
2715.046631 0.000000 778.323486 0.000000 0.000000 0.000000 1.000000 1.000000 1.000000 1.000000
2885.723877 0.000000 775.564392 0.000000 0.000000 0.000000 1.000000 1.000000 1.000000 1.000000
2850.781494 0.000000 644.524536 0.000000 0.000000 0.000000 1.000000 1.000000 1.000000 1.000000
1873.897583 0.000000 906.189514 0.000000 0.000000 0.000000 1.000000 1.000000 1.000000 1.000000
1765.643921 0.000000 815.820190 0.000000 0.000000 0.000000 1.000000 1.000000 1.000000 1.000000
1658.128418 0.000000 754.540588 0.000000 0.000000 0.000000 1.000000 1.000000 1.000000 1.000000
1565.275146 0.000000 692.967529 0.000000 0.000000 0.000000 1.000000 1.000000 1.000000 1.000000
1718.483154 0.000000 1061.214722 0.000000 0.000000 0.000000 1.000000 1.000000 1.000000 1.000000
1611.871948 0.000000 943.366211 0.000000 0.000000 0.000000 1.000000 1.000000 1.000000 1.000000
1528.475220 0.000000 830.569336 0.000000 0.000000 0.000000 1.000000 1.000000 1.000000 1.000000
1403.453613 0.000000 722.250488 0.000000 0.000000 0.000000 1.000000 1.000000 1.000000 1.000000
1189.556763 0.000000 737.856262 0.000000 0.000000 0.000000 1.000000 1.000000 1.000000 1.000000
1403.793213 0.000000 889.842773 0.000000 0.000000 0.000000 1.000000 1.000000 1.000000 1.000000
1452.192749 0.000000 966.390930 0.000000 0.000000 0.000000 1.000000 1.000000 1.000000 1.000000
1547.675903 0.000000 1079.092163 0.000000 0.000000 0.000000 1.000000 1.000000 1.000000 1.000000
1556.766235 0.000000 1164.958618 0.000000 0.000000 0.000000 1.000000 1.000000 1.000000 1.000000
1608.476440 0.000000 1263.299927 0.000000 0.000000 0.000000 1.000000 1.000000 1.000000 1.000000
1713.486084 0.000000 1280.811523 0.000000 0.000000 0.000000 1.000000 1.000000 1.000000 1.000000
1388.851196 0.000000 1251.961548 0.000000 0.000000 0.000000 1.000000 1.000000 1.000000 1.000000
1180.815186 0.000000 1102.638184 0.000000 0.000000 0.000000 1.000000 1.000000 1.000000 1.000000
1183.585571 0.000000 978.033936 0.000000 0.000000 0.000000 1.000000 1.000000 1.000000 1.000000
1184.338745 0.000000 849.133545 0.000000 0.000000 0.000000 1.000000 1.000000 1.000000 1.000000
1025.336914 0.000000 706.697266 0.000000 0.000000 0.000000 1.000000 1.000000 1.000000 1.000000
849.698608 0.000000 760.729248 0.000000 0.000000 0.000000 1.000000 1.000000 1.000000 1.000000
1008.058716 0.000000 928.482910 0.000000 0.000000 0.000000 1.000000 1.000000 1.000000 1.000000
1014.780518 0.000000 1035.864258 0.000000 0.000000 0.000000 1.000000 1.000000 1.000000 1.000000
1089.987915 0.000000 1141.017578 0.000000 0.000000 0.000000 1.000000 1.000000 1.000000 1.000000
1232.768433 0.000000 1242.829956 0.000000 0.000000 0.000000 1.000000 1.000000 1.000000 1.000000
1097.920654 0.000000 1281.948242 0.000000 0.000000 0.000000 1.000000 1.000000 1.000000 1.000000
1017.012634 0.000000 1197.370483 0.000000 0.000000 0.000000 1.000000 1.000000 1.000000 1.000000
851.918518 0.000000 1058.499390 0.000000 0.000000 0.000000 1.000000 1.000000 1.000000 1.000000
860.161377 0.000000 947.018982 0.000000 0.000000 0.000000 1.000000 1.000000 1.000000 1.000000
746.308960 0.000000 811.868347 0.000000 0.000000 0.000000 1.000000 1.000000 1.000000 1.000000
698.153687 0.000000 732.384155 0.000000 0.000000 0.000000 1.000000 1.000000 1.000000 1.000000
509.947998 0.000000 707.288391 0.000000 0.000000 0.000000 1.000000 1.000000 1.000000 1.000000
546.022339 0.000000 837.718506 0.000000 0.000000 0.000000 1.000000 1.000000 1.000000 1.000000
556.738770 0.000000 928.236816 0.000000 0.000000 0.000000 1.000000 1.000000 1.000000 1.000000
598.620239 0.000000 985.457397 0.000000 0.000000 0.000000 1.000000 1.000000 1.000000 1.000000
706.283630 0.000000 1011.216187 0.000000 0.000000 0.000000 1.000000 1.000000 1.000000 1.000000
656.130371 0.000000 1122.408813 0.000000 0.000000 0.000000 1.000000 1.000000 1.000000 1.000000
728.497437 0.000000 1184.882446 0.000000 0.000000 0.000000 1.000000 1.000000 1.000000 1.000000
392.957397 0.000000 838.420044 0.000000 0.000000 0.000000 1.000000 1.000000 1.000000 1.000000
360.109650 0.000000 736.607910 0.000000 0.000000 0.000000 1.000000 1.000000 1.000000 1.000000
208.758408 0.000000 722.980652 0.000000 0.000000 0.000000 1.000000 1.000000 1.000000 1.000000
229.587189 0.000000 825.438599 0.000000 0.000000 0.000000 1.000000 1.000000 1.000000 1.000000
192.554245 0.000000 860.036194 0.000000 0.000000 0.000000 1.000000 1.000000 1.000000 1.000000
70.393005 0.000000 821.190857 0.000000 0.000000 0.000000 1.000000 1.000000 1.000000 1.000000
60.958801 0.000000 672.548584 0.000000 0.000000 0.000000 1.000000 1.000000 1.000000 1.000000
49.392059 0.000000 961.071594 0.000000 0.000000 0.000000 1.000000 1.000000 1.000000 1.000000
212.969131 0.000000 1026.560181 0.000000 0.000000 0.000000 1.000000 1.000000 1.000000 1.000000
397.048035 0.000000 1030.140503 0.000000 0.000000 0.000000 1.000000 1.000000 1.000000 1.000000
263.695251 0.000000 1219.354736 0.000000 0.000000 0.000000 1.000000 1.000000 1.000000 1.000000
332.659210 0.000000 1331.383057 0.000000 0.000000 0.000000 1.000000 1.000000 1.000000 1.000000
206.034119 0.000000 1382.048218 0.000000 0.000000 0.000000 1.000000 1.000000 1.000000 1.000000
140.601715 0.000000 746.279785 0.000000 0.000000 0.000000 1.000000 1.000000 1.000000 1.000000
358.555725 0.000000 706.199036 0.000000 0.000000 0.000000 1.000000 1.000000 1.000000 1.000000
569.349487 0.000000 756.061401 0.000000 0.000000 0.000000 1.000000 1.000000 1.000000 1.000000
660.471985 0.000000 861.346558 0.000000 0.000000 0.000000 1.000000 1.000000 1.000000 1.000000
740.732422 0.000000 702.202698 0.000000 0.000000 0.000000 1.000000 1.000000 1.000000 1.000000
1077.045044 0.000000 789.283081 0.000000 0.000000 0.000000 1.000000 1.000000 1.000000 1.000000
1299.668213 0.000000 867.088501 0.000000 0.000000 0.000000 1.000000 1.000000 1.000000 1.000000
1314.033081 0.000000 1036.562866 0.000000 0.000000 0.000000 1.000000 1.000000 1.000000 1.000000
1420.851562 0.000000 1119.796021 0.000000 0.000000 0.000000 1.000000 1.000000 1.000000 1.000000
1720.448120 0.000000 918.550903 0.000000 0.000000 0.000000 1.000000 1.000000 1.000000 1.000000
2093.094971 0.000000 676.023438 0.000000 0.000000 0.000000 1.000000 1.000000 1.000000 1.000000
2107.404053 0.000000 790.773193 0.000000 0.000000 0.000000 1.000000 1.000000 1.000000 1.000000
2372.598877 0.000000 672.230347 0.000000 0.000000 0.000000 1.000000 1.000000 1.000000 1.000000
2596.177490 0.000000 664.574280 0.000000 0.000000 0.000000 1.000000 1.000000 1.000000 1.000000
215.865326 0.000000 217.872681 0.000000 0.000000 0.000000 1.000000 1.000000 1.000000 1.000000
197.058762 0.000000 99.750641 0.000000 0.000000 0.000000 1.000000 1.000000 1.000000 1.000000
315.889435 0.000000 79.192184 0.000000 0.000000 0.000000 1.000000 1.000000 1.000000 1.000000
40.506226 0.000000 214.709137 0.000000 0.000000 0.000000 1.000000 1.000000 1.000000 1.000000
328.052734 0.000000 356.001587 0.000000 0.000000 0.000000 1.000000 1.000000 1.000000 1.000000
458.272766 0.000000 465.022949 0.000000 0.000000 0.000000 1.000000 1.000000 1.000000 1.000000
727.156616 0.000000 301.199280 0.000000 0.000000 0.000000 1.000000 1.000000 1.000000 1.000000
857.900696 0.000000 233.229156 0.000000 0.000000 0.000000 1.000000 1.000000 1.000000 1.000000
974.241577 0.000000 341.096191 0.000000 0.000000 0.000000 1.000000 1.000000 1.000000 1.000000
553.307434 0.000000 1082.205688 0.000000 0.000000 0.000000 1.000000 1.000000 1.000000 1.000000
641.679688 0.000000 1074.005127 0.000000 0.000000 0.000000 1.000000 1.000000 1.000000 1.000000
656.828064 0.000000 1180.653076 0.000000 0.000000 0.000000 1.000000 1.000000 1.000000 1.000000
749.047546 0.000000 1211.426392 0.000000 0.000000 0.000000 1.000000 1.000000 1.000000 1.000000
"}
object={
	name="env_desert_plains_ambient"
	render_pass=Map
	clamp_to_water_level=yes
	generated_content=no
	layer="env_effect_layer"
	entity="env_desert_plains_ambient"
	count=13
	transform="1072.313232 0.000000 1153.394409 0.000000 0.000000 0.000000 1.000000 1.000000 1.000000 1.000000
936.099854 0.000000 962.307739 0.000000 0.000000 0.000000 1.000000 1.000000 1.000000 1.000000
820.536743 0.000000 834.529785 0.000000 0.000000 0.000000 1.000000 1.000000 1.000000 1.000000
636.730164 0.000000 920.788574 0.000000 0.000000 0.000000 1.000000 1.000000 1.000000 1.000000
561.328674 0.000000 478.145630 0.000000 0.000000 0.000000 1.000000 1.000000 1.000000 1.000000
462.433258 0.000000 242.415985 0.000000 0.000000 0.000000 1.000000 1.000000 1.000000 1.000000
150.584534 0.000000 503.429688 0.000000 0.000000 0.000000 1.000000 1.000000 1.000000 1.000000
902.053162 0.000000 475.553162 0.000000 0.000000 0.000000 1.000000 1.000000 1.000000 1.000000
2604.206543 0.000000 758.323730 0.000000 0.000000 0.000000 1.000000 1.000000 1.000000 1.000000
2869.783203 0.000000 731.432678 0.000000 0.000000 0.000000 1.000000 1.000000 1.000000 1.000000
715.527039 0.000000 1041.657227 0.000000 0.000000 0.000000 1.000000 1.000000 1.000000 1.000000
628.169983 0.000000 952.725037 0.000000 0.000000 0.000000 1.000000 1.000000 1.000000 1.000000
518.610046 0.000000 872.280273 0.000000 0.000000 0.000000 1.000000 1.000000 1.000000 1.000000
"}
object={
	name="env_forest_mountains"
	render_pass=Map
	clamp_to_water_level=yes
	generated_content=no
	layer="env_effect_mountains_layer"
	entity="env_mist_sun"
	count=0
}
object={
	name="env_mist"
	render_pass=Map
	clamp_to_water_level=yes
	generated_content=no
	layer="env_effect_layer"
	entity="env_mist"
	count=78
	transform="3183.329834 9.395874 2123.836426 0.000000 0.000000 0.000000 1.000000 2.301440 2.301440 2.301440
3050.561768 9.395874 2108.054199 0.000000 0.000000 0.000000 1.000000 2.301440 2.301440 2.301440
3363.619873 9.395874 1827.925049 0.000000 0.000000 0.000000 1.000000 2.301440 2.301440 2.301440
3319.374756 9.395874 1988.539185 0.000000 0.000000 0.000000 1.000000 2.301440 2.301440 2.301440
3202.691650 9.395874 1987.125488 0.000000 0.000000 0.000000 1.000000 2.301440 2.301440 2.301440
3127.135498 9.395874 2091.904297 0.000000 0.000000 0.000000 1.000000 2.301440 2.301440 2.301440
3106.094971 9.395874 1977.505981 0.000000 0.000000 0.000000 1.000000 2.301440 2.301440 2.301440
3026.324463 9.395874 1984.090820 0.000000 0.000000 0.000000 1.000000 2.301440 2.301440 2.301440
3137.172607 0.000000 2011.890991 0.000000 0.000000 0.000000 1.000000 2.301440 2.301440 2.301440
3250.222412 0.000000 2006.373535 0.000000 0.000000 0.000000 1.000000 2.301440 2.301440 2.301440
3387.538818 0.000000 1999.600220 0.000000 0.000000 0.000000 1.000000 2.301440 2.301440 2.301440
3518.910400 0.000000 2079.370117 0.000000 0.000000 0.000000 1.000000 2.301440 2.301440 2.301440
3305.086182 0.000000 2090.936523 0.000000 0.000000 0.000000 1.000000 2.301440 2.301440 2.301440
3241.715088 0.000000 2121.751953 0.000000 0.000000 0.000000 1.000000 2.301440 2.301440 2.301440
3155.349365 0.000000 2177.589844 0.000000 0.000000 0.000000 1.000000 2.301440 2.301440 2.301440
3246.795654 0.000000 2213.701660 0.000000 0.000000 0.000000 1.000000 2.301440 2.301440 2.301440
3329.920166 0.000000 2184.360352 0.000000 0.000000 0.000000 1.000000 2.301440 2.301440 2.301440
3509.098389 0.000000 2194.785645 0.000000 0.000000 0.000000 1.000000 2.301440 2.301440 2.301440
3546.671143 0.000000 2287.115723 0.000000 0.000000 0.000000 1.000000 2.301440 2.301440 2.301440
3438.667725 0.000000 2258.033203 0.000000 0.000000 0.000000 1.000000 2.301440 2.301440 2.301440
3350.261963 0.000000 2269.005859 0.000000 0.000000 0.000000 1.000000 2.301440 2.301440 2.301440
2922.061768 0.000000 2656.599121 0.000000 0.000000 0.000000 1.000000 2.301440 2.301440 2.301440
2981.208252 0.000000 2629.701660 0.000000 0.000000 0.000000 1.000000 2.301440 2.301440 2.301440
3053.857666 0.000000 2560.894531 0.000000 0.000000 0.000000 1.000000 2.301440 2.301440 2.301440
3080.315674 0.000000 2621.313965 0.000000 0.000000 0.000000 1.000000 2.301440 2.301440 2.301440
3180.198486 0.000000 2666.748047 0.000000 0.000000 0.000000 1.000000 2.301440 2.301440 2.301440
3105.804932 0.000000 2696.063477 0.000000 0.000000 0.000000 1.000000 2.301440 2.301440 2.301440
3028.807373 0.000000 2710.650391 0.000000 0.000000 0.000000 1.000000 2.301440 2.301440 2.301440
2953.677490 0.000000 2705.703125 0.000000 0.000000 0.000000 1.000000 2.301440 2.301440 2.301440
2935.930908 0.000000 2778.648926 0.000000 0.000000 0.000000 1.000000 2.301440 2.301440 2.301440
3004.489014 0.000000 2793.648926 0.000000 0.000000 0.000000 1.000000 2.301440 2.301440 2.301440
3093.063721 0.000000 2787.623535 0.000000 0.000000 0.000000 1.000000 2.301440 2.301440 2.301440
3201.488037 0.000000 2764.512695 0.000000 0.000000 0.000000 1.000000 2.301440 2.301440 2.301440
3335.135498 0.000000 2717.323730 0.000000 0.000000 0.000000 1.000000 2.301440 2.301440 2.301440
3307.966064 0.000000 2633.551270 0.000000 0.000000 0.000000 1.000000 2.301440 2.301440 2.301440
3237.816162 0.000000 2558.508789 0.000000 0.000000 0.000000 1.000000 2.301440 2.301440 2.301440
3156.575928 0.000000 2509.819336 0.000000 0.000000 0.000000 1.000000 2.301440 2.301440 2.301440
3224.797607 0.000000 2499.363281 0.000000 0.000000 0.000000 1.000000 2.301440 2.301440 2.301440
3307.935303 0.000000 2552.694824 0.000000 0.000000 0.000000 1.000000 2.301440 2.301440 2.301440
3392.887939 0.000000 2623.628906 0.000000 0.000000 0.000000 1.000000 2.301440 2.301440 2.301440
3467.821045 0.000000 2577.471191 0.000000 0.000000 0.000000 1.000000 2.301440 2.301440 2.301440
3530.979248 0.000000 2517.745117 0.000000 0.000000 0.000000 1.000000 2.301440 2.301440 2.301440
3577.539307 0.000000 2496.272949 0.000000 0.000000 0.000000 1.000000 2.301440 2.301440 2.301440
3493.040527 0.000000 1823.726807 0.000000 0.000000 0.000000 1.000000 2.301440 2.301440 2.301440
3550.772949 0.000000 1783.817261 0.000000 0.000000 0.000000 1.000000 2.301440 2.301440 2.301440
3707.736572 0.000000 2406.024902 0.000000 0.000000 0.000000 1.000000 2.301440 2.301440 2.301440
3804.965088 0.000000 2334.582031 0.000000 0.000000 0.000000 1.000000 2.301440 2.301440 2.301440
3791.320557 0.000000 2240.448730 0.000000 0.000000 0.000000 1.000000 2.301440 2.301440 2.301440
3705.518311 0.000000 2217.798340 0.000000 0.000000 0.000000 1.000000 2.301440 2.301440 2.301440
3614.088623 0.000000 2139.182617 0.000000 0.000000 0.000000 1.000000 2.301440 2.301440 2.301440
3560.658936 0.000000 2036.249878 0.000000 0.000000 0.000000 1.000000 2.301440 2.301440 2.301440
3722.468506 0.000000 2128.116699 0.000000 0.000000 0.000000 1.000000 2.301440 2.301440 2.301440
3782.090088 0.000000 2054.443359 0.000000 0.000000 0.000000 1.000000 2.301440 2.301440 2.301440
3714.014404 0.000000 1978.444092 0.000000 0.000000 0.000000 1.000000 2.301440 2.301440 2.301440
3607.119385 0.000000 1936.994751 0.000000 0.000000 0.000000 1.000000 2.301440 2.301440 2.301440
3495.766846 0.000000 1928.468384 0.000000 0.000000 0.000000 1.000000 2.301440 2.301440 2.301440
3578.402100 0.000000 2438.583496 0.000000 0.000000 0.000000 1.000000 2.301440 2.301440 2.301440
3493.600830 0.000000 2340.720215 0.000000 0.000000 0.000000 1.000000 2.301440 2.301440 2.301440
3550.468506 0.000000 2182.429688 0.000000 0.000000 0.000000 1.000000 2.301440 2.301440 2.301440
3655.762939 0.000000 2121.388672 0.000000 0.000000 0.000000 1.000000 2.301440 2.301440 2.301440
3673.391357 0.000000 1957.651489 0.000000 0.000000 0.000000 1.000000 2.301440 2.301440 2.301440
3543.417725 0.000000 1772.814941 0.000000 0.000000 0.000000 1.000000 2.301440 2.301440 2.301440
3436.792236 0.000000 1893.606323 0.000000 0.000000 0.000000 1.000000 2.301440 2.301440 2.301440
3367.445557 0.000000 1911.445923 0.000000 0.000000 0.000000 1.000000 2.301440 2.301440 2.301440
3257.589111 0.000000 1911.577148 0.000000 0.000000 0.000000 1.000000 2.301440 2.301440 2.301440
3306.070068 0.000000 1825.163452 0.000000 0.000000 0.000000 1.000000 2.301440 2.301440 2.301440
3349.407959 0.000000 1727.328125 0.000000 0.000000 0.000000 1.000000 2.301440 2.301440 2.301440
3391.861572 0.000000 1795.996948 0.000000 0.000000 0.000000 1.000000 2.301440 2.301440 2.301440
3470.690674 0.000000 1811.788452 0.000000 0.000000 0.000000 1.000000 2.301440 2.301440 2.301440
3560.386963 0.000000 1849.481323 0.000000 0.000000 0.000000 1.000000 2.301440 2.301440 2.301440
3764.221436 0.000000 1849.896973 0.000000 0.000000 0.000000 1.000000 2.301440 2.301440 2.301440
3666.170166 0.000000 1797.799438 0.000000 0.000000 0.000000 1.000000 2.301440 2.301440 2.301440
3582.507568 0.000000 1747.243286 0.000000 0.000000 0.000000 1.000000 2.301440 2.301440 2.301440
3086.492920 0.745117 2371.124023 0.000000 -0.998829 0.000000 0.048378 0.196815 0.196815 0.196815
2545.821045 3.166748 1546.475586 0.000000 0.000000 0.000000 1.000000 0.165897 0.165897 0.165897
2546.469482 -0.906067 1546.798828 0.000000 0.000000 0.000000 1.000000 0.232996 0.232996 0.232996
1554.345337 -0.729980 1709.674438 0.000000 -0.978764 0.000000 -0.204992 1.000000 1.000000 1.000000
2523.730469 -3.662109 2204.338135 0.000000 -0.630210 0.000000 0.776425 1.000000 1.000000 1.000000
"}
object={
	name="env_mist_forest"
	render_pass=Map
	clamp_to_water_level=yes
	generated_content=no
	layer="env_effect_layer"
	entity="env_mist_sun"
	count=5
	transform="2409.123047 0.000000 2524.750977 0.000000 0.000000 0.000000 1.000000 1.000000 1.000000 1.000000
2356.514648 0.000000 2533.709473 0.000000 0.000000 0.000000 1.000000 1.000000 1.000000 1.000000
2411.430176 0.000000 2484.312012 0.000000 0.000000 0.000000 1.000000 1.000000 1.000000 1.000000
2375.545898 0.000000 2451.387695 0.000000 0.000000 0.000000 1.000000 1.000000 1.000000 1.000000
2393.845703 9.048096 2510.959717 0.000000 0.000000 0.000000 1.000000 1.113343 1.113343 1.113343
"}
object={
	name="env_snow_mountains"
	render_pass=Map
	clamp_to_water_level=yes
	generated_content=no
	layer="env_effect_mountains_layer"
	entity="env_snow_mountains"
	count=10
	transform="3880.268311 1.981567 1395.217407 0.000000 0.000000 0.000000 1.000000 0.513456 0.513456 0.513456
3973.632568 1.981567 1358.150024 0.000000 0.000000 0.000000 1.000000 0.513456 0.513456 0.513456
5052.913574 -0.232544 1231.749512 0.000000 0.000000 0.000000 1.000000 0.404309 0.404309 0.404309
4925.013184 -6.321777 1216.270752 0.000000 0.000000 0.000000 1.000000 1.000000 1.000000 1.000000
3119.126465 -3.302979 2716.786865 0.000000 0.000000 0.000000 1.000000 1.000000 1.000000 1.000000
1472.799194 -2.417969 1688.496338 0.000000 0.000000 0.000000 1.000000 1.000000 1.000000 1.000000
1200.707275 0.349609 1692.612427 0.000000 0.353089 0.000000 0.935590 0.528040 0.528040 0.528040
5545.390137 0.000000 783.092346 0.000000 0.000000 0.000000 1.000000 1.000000 1.000000 1.000000
5554.826660 -2.282104 846.549133 0.000000 0.000000 0.000000 1.000000 1.000000 1.000000 1.000000
1998.183594 0.000000 2580.990479 0.000000 0.000000 0.000000 1.000000 0.667432 0.667432 0.667432
"}
object={
	name="env_snow_plains"
	render_pass=Map
	clamp_to_water_level=yes
	generated_content=no
	layer="env_effect_layer"
	entity="env_snow_plains"
	count=7
	transform="3798.291992 0.000000 3391.021484 0.000000 0.000000 0.000000 1.000000 1.000000 1.000000 1.000000
3357.052490 0.130127 2980.496826 0.000000 0.750256 0.000000 0.661147 0.086661 0.086661 0.086661
3358.068604 2.553467 2980.129150 0.000000 0.750256 0.000000 0.661147 0.145787 0.145787 0.145787
3357.045166 1.115234 2980.119141 0.000000 0.750256 0.000000 0.661147 0.145787 0.145787 0.145787
3355.710449 -8.208252 2981.023438 0.000000 0.750256 0.000000 0.661147 0.496865 0.496865 0.496865
5548.997559 0.000000 799.343628 0.000000 0.000000 0.000000 1.000000 1.000000 1.000000 1.000000
5553.580566 0.000000 862.306519 0.000000 0.000000 0.000000 1.000000 1.000000 1.000000 1.000000
"}
object={
	name="env_snow_plains_ambient"
	render_pass=Map
	clamp_to_water_level=yes
	generated_content=no
	layer="env_effect_layer"
	entity="env_snow_plains_ambient"
	count=3
	transform="3861.896240 0.000000 3414.843506 0.000000 0.000000 0.000000 1.000000 1.000000 1.000000 1.000000
3667.435547 0.000000 3415.647461 0.000000 0.000000 0.000000 1.000000 1.000000 1.000000 1.000000
3593.197266 0.000000 3464.150635 0.000000 0.000000 0.000000 1.000000 1.000000 1.000000 1.000000
"}
object={
	name="waterfall"
	render_pass=Map
	clamp_to_water_level=yes
	generated_content=no
	layer="coast_foam_layer"
	entity="waterfall"
	count=37
	transform="2289.274658 1.783203 1825.011963 0.000000 0.441259 0.000000 0.897380 1.000000 1.000000 1.000000
45.386177 1.404053 446.548096 0.000000 0.973439 0.000000 -0.228948 1.537170 1.537170 1.537170
44.392563 3.988953 444.823181 0.000000 0.973439 0.000000 -0.228948 1.537170 1.537170 1.537170
52.731941 1.953796 428.479950 0.000000 0.999998 0.000000 -0.002215 0.677998 0.677998 0.677998
51.413750 2.565338 428.671661 0.000000 0.999998 0.000000 -0.002215 0.677998 0.677998 0.677998
52.144550 3.110352 432.373932 0.000000 0.999998 0.000000 -0.002215 1.877802 1.877802 1.877802
2190.298584 0.971557 2562.674805 0.000000 0.846426 0.000000 -0.532506 0.463062 0.463062 0.463062
3424.635742 0.000000 1754.111328 0.000000 -0.221089 0.000000 0.975254 1.876953 1.876953 1.876953
3485.207275 2.112183 2345.865234 0.000000 -0.744009 0.000000 0.668170 1.000000 1.000000 1.000000
2545.184326 2.836975 1540.411255 0.000000 0.259773 0.000000 0.965670 1.000000 1.000000 1.000000
2542.758545 2.775513 1549.757690 0.000000 -0.886847 0.000000 -0.462064 1.000000 1.000000 1.000000
1880.500854 0.905548 514.243042 0.000000 0.996224 0.000000 0.086815 1.342688 1.342688 1.342688
1761.660645 2.143982 556.123962 0.000000 0.567302 0.000000 0.823510 1.196625 1.196625 1.196625
2446.613037 1.704102 233.489395 0.000000 -0.985145 0.000000 -0.171726 1.724658 1.724658 1.724658
2447.244141 2.844208 251.588959 0.000000 0.993698 0.000000 0.112095 1.536290 1.536290 1.536290
2280.189697 -4.002930 3166.448730 0.000000 0.020964 0.000000 0.999780 2.643677 2.643677 2.643677
2277.971924 -4.002930 3166.638672 0.000000 0.020964 0.000000 0.999780 2.643677 2.643677 2.643677
2275.716553 -4.002930 3167.327881 0.000000 0.020964 0.000000 0.999780 2.643677 2.643677 2.643677
289.002228 -1.363525 3153.938232 0.000000 -0.006233 0.000000 0.999981 3.244581 3.244581 3.244581
289.002228 -1.363525 3153.938232 0.000000 -0.006233 0.000000 0.999981 3.244581 3.244581 3.244581
289.002228 -1.363525 3153.938232 0.000000 -0.006233 0.000000 0.999981 3.244581 3.244581 3.244581
2060.488770 0.000000 1057.759033 0.000000 0.501604 0.000000 0.865098 1.000000 1.000000 1.000000
2049.224121 0.000000 1004.868530 0.000000 -0.080875 0.000000 0.996724 1.000000 1.000000 1.000000
2156.065674 0.679138 990.394409 0.000000 -0.952976 0.000000 0.303046 1.000000 1.000000 1.000000
2148.910645 0.000000 995.575867 0.000000 -0.910907 0.000000 0.412611 1.000000 1.000000 1.000000
2153.188477 0.000000 1006.599976 0.000000 0.894112 0.000000 0.447843 1.294056 1.294056 1.294056
2097.956543 0.299255 975.498047 0.000000 -0.978557 0.000000 -0.205978 1.558350 1.558350 1.558350
1448.186157 0.000000 1508.654175 0.000000 -0.441122 0.000000 0.897447 1.000000 1.000000 1.000000
1447.881348 0.000000 1516.786743 0.000000 -0.811412 0.000000 0.584475 1.000000 1.000000 1.000000
2839.133545 0.076660 2110.458008 0.000000 0.888621 0.000000 0.458642 1.000000 1.000000 1.000000
2976.015869 1.177734 2432.452393 0.000000 0.104090 0.000000 0.994568 1.506543 1.506543 1.506543
2876.662842 0.000000 2031.541504 0.000000 -0.013510 0.000000 -0.999909 1.880908 1.880908 1.880908
2962.842773 0.000000 2183.621582 0.000000 -0.317643 0.000000 0.948211 1.000000 1.000000 1.000000
3062.335205 0.000000 2182.930420 0.000000 -0.982364 0.000000 -0.186977 1.000000 1.000000 1.000000
5572.149902 3.555908 968.747925 0.000000 0.610295 0.000000 0.792174 1.970642 1.970642 1.970642
5672.189941 0.000000 675.299805 -0.000000 -0.368186 0.000000 0.929752 1.985498 1.985498 1.985498
5643.608398 0.000000 614.549683 0.000000 -0.305911 0.000000 0.952060 1.699691 1.699691 1.699691
"}
object={
	name="waterfall_bottom"
	render_pass=Map
	clamp_to_water_level=yes
	generated_content=no
	layer="coast_foam_layer"
	entity="waterfall_bottom"
	count=45
	transform="2289.452393 0.000000 1824.276001 0.000000 -0.731692 0.000000 0.681635 1.000000 1.000000 1.000000
44.522141 0.000000 444.488800 0.000000 0.055853 0.000000 0.998439 0.696783 0.696783 0.696783
52.176079 0.610596 433.022919 0.000000 0.000000 0.000000 1.000000 1.000000 1.000000 1.000000
2190.017334 0.442626 2562.628906 0.000000 0.569298 0.000000 0.822131 0.224699 0.224699 0.224699
3423.883545 -0.865234 2367.006348 0.000000 0.962874 0.000000 0.269950 0.780859 0.780859 0.780859
3484.453369 0.036255 2346.153320 0.000000 0.706677 0.000000 0.707537 0.531519 0.531519 0.531519
2545.190186 0.988892 1540.301636 0.000000 0.975492 0.000000 -0.220034 0.530164 0.530164 0.530164
1880.682495 0.000000 513.072266 0.000000 -0.006546 0.000000 0.999979 0.673923 0.673923 0.673923
1763.591675 2.466431 556.723145 0.000000 -0.834721 0.000000 0.550674 0.552417 0.552417 0.552417
2447.082764 -0.635361 231.930191 0.000000 -0.229711 0.000000 0.973259 0.768103 0.768103 0.768103
2447.095459 -0.554382 250.736755 0.000000 -0.087474 0.000000 0.996167 0.694089 0.694089 0.694089
2037.489502 0.000000 1890.826294 0.000000 0.000000 0.000000 1.000000 1.000000 1.000000 1.000000
2042.138428 0.000000 1886.327026 0.000000 0.926219 0.000000 -0.376986 1.000000 1.000000 1.000000
2054.317383 -0.692871 1890.070923 0.000000 0.810179 0.000000 0.586182 1.000000 1.000000 1.000000
2061.181396 0.000000 1057.699219 0.000000 0.000000 0.000000 1.000000 0.361476 0.361476 0.361476
2049.229980 0.000000 1004.755493 0.000000 0.000000 0.000000 1.000000 0.294653 0.294653 0.294653
2153.840332 0.000000 1005.480652 0.000000 0.000000 0.000000 1.000000 0.396570 0.396570 0.396570
2148.521240 0.000000 995.439758 0.000000 0.000000 0.000000 1.000000 0.241925 0.241925 0.241925
2155.387939 0.000000 989.491028 0.000000 0.153746 0.000000 0.988110 0.438258 0.438258 0.438258
2098.391113 0.000000 974.161621 0.000000 -0.122888 0.000000 0.992421 0.410132 0.410132 0.410132
2976.665039 -0.848389 2434.759277 0.000000 -0.991279 0.000000 0.131783 1.000000 1.000000 1.000000
2876.695312 0.000000 2032.805176 0.000000 -0.974005 0.000000 0.226528 1.000000 1.000000 1.000000
2962.292480 0.000000 2184.229492 0.000000 0.820480 0.000000 0.571676 0.597217 0.597217 0.597217
3062.195801 0.000000 2182.534180 0.000000 -0.163839 0.000000 0.986487 0.511475 0.511475 0.511475
5573.057129 0.000000 968.449829 0.000000 -0.378564 0.000000 0.925575 1.000000 1.000000 1.000000
2750.969482 0.000000 2512.460205 0.000000 0.000000 0.000000 1.000000 0.661663 0.661663 0.661663
2753.088379 0.000000 2517.617676 0.000000 0.000000 0.000000 1.000000 1.083740 1.083740 1.083740
2775.702637 1.645264 2513.749512 0.000000 0.000000 0.000000 1.000000 1.000000 1.000000 1.000000
2773.145264 1.819092 2519.992432 0.000000 0.000000 0.000000 1.000000 1.000000 1.000000 1.000000
2750.704346 3.101807 2534.468994 0.000000 0.000000 0.000000 1.000000 0.573218 0.573218 0.573218
2828.501953 3.235107 2514.248047 0.000000 0.000000 0.000000 1.000000 0.652353 0.652353 0.652353
5214.557129 5.688538 688.767395 0.000000 0.000000 0.000000 1.000000 1.000000 1.000000 1.000000
5302.635742 3.991272 570.455200 0.000000 0.000000 0.000000 1.000000 1.000000 1.000000 1.000000
5370.164551 4.496887 688.611694 0.000000 0.000000 0.000000 1.000000 1.000000 1.000000 1.000000
5331.211426 3.396484 716.365112 0.000000 0.000000 0.000000 1.000000 1.000000 1.000000 1.000000
5366.568848 4.239380 600.665344 0.000000 0.000000 0.000000 1.000000 1.000000 1.000000 1.000000
5200.611816 5.026062 638.551575 0.000000 0.000000 0.000000 1.000000 1.000000 1.000000 1.000000
5232.059082 4.924744 583.167419 0.000000 0.000000 0.000000 1.000000 1.000000 1.000000 1.000000
5261.393066 5.577148 722.958862 0.000000 0.000000 0.000000 1.000000 1.000000 1.000000 1.000000
5672.478027 0.000000 675.728394 0.000000 0.243905 0.000000 -0.969799 0.536694 0.536694 0.536694
5643.028320 0.000000 614.338623 0.000000 0.000000 0.000000 1.000000 0.528986 0.528986 0.528986
4067.113281 0.000000 502.860687 0.000000 0.000000 0.000000 1.000000 1.000000 1.000000 1.000000
4074.132080 0.000000 506.068909 0.000000 0.000000 0.000000 1.000000 0.648352 0.648352 0.648352
4076.627441 0.000000 512.793335 0.000000 -0.484407 0.000000 -0.874843 0.683520 0.683520 0.683520
4072.903320 0.000000 448.519165 0.000000 0.000000 0.000000 1.000000 0.620013 0.620013 0.620013
"}
