object={
	name="lakes"
	render_pass=Map
	clamp_to_water_level=no
	generated_content=no
	layer="gh_lakes"
	pdxmesh="lake_mesh"
	count=159
	transform="43.115486 2.079895 1059.111694 0.000000 0.317901 0.000000 0.948124 9.733609 9.733609 9.733609
52.590885 2.763916 1046.960693 0.000000 -0.179481 0.000000 0.983761 7.596764 7.596764 7.596764
2191.801514 1.182983 2562.487793 0.000000 0.715623 0.000000 0.698487 3.174839 3.174839 3.174839
3481.528564 0.939697 2345.036621 0.000000 0.998844 0.000000 0.048073 2.018191 2.018191 2.018191
3168.533447 2.328957 2323.742920 0.000000 0.207765 0.000000 0.978179 8.618380 8.618380 8.618380
3086.584229 0.967285 2366.224365 0.000000 -0.795665 0.000000 0.605737 31.813660 31.813660 31.813660
2439.203125 0.199830 3243.787842 0.000000 0.998315 0.000000 0.058023 13.570921 13.570921 13.570921
2422.995361 0.012085 3240.151367 0.000000 0.998315 0.000000 0.058023 13.570921 13.570921 13.570921
2395.653076 1.191772 3227.136963 0.000000 0.921447 0.000000 -0.388503 13.694003 13.694003 13.694003
2376.613525 2.038208 3208.250977 0.000000 0.999951 0.000000 0.009929 12.880778 12.880778 12.880778
2288.858887 1.596802 3162.562988 0.000000 0.999951 0.000000 0.009929 9.910148 9.910148 9.910148
2187.259766 -2.481080 3115.732666 0.000000 0.803355 0.000000 0.595501 15.867634 15.867634 15.867634
2166.833740 -1.821167 3077.787842 0.000000 0.818354 0.000000 0.574714 21.898340 21.898340 21.898340
2185.734131 -2.849244 3034.393555 0.000000 0.934883 0.000000 0.354954 21.898340 21.898340 21.898340
2163.352051 1.297973 2985.974365 0.000000 0.682877 0.000000 0.730533 21.898340 21.898340 21.898340
2109.655029 -0.177857 2948.635742 0.000000 0.818354 0.000000 0.574714 21.898340 21.898340 21.898340
2189.631592 3.823853 2955.906006 0.000000 0.691633 0.000000 0.722249 18.999649 18.999649 18.999649
2127.622314 0.738403 2905.825439 0.000000 0.691633 0.000000 0.722249 31.810333 31.810333 31.810333
2131.661377 2.772828 2833.813721 0.000000 0.449088 0.000000 0.893488 29.889950 29.889950 29.889950
2069.496094 1.064331 2851.298828 0.000000 0.991341 0.000000 0.131314 13.318254 13.318254 13.318254
2059.726318 2.027954 2749.279297 0.000000 0.991341 0.000000 0.131314 13.318254 13.318254 13.318254
1973.161621 0.718384 2657.387207 0.000000 -0.203674 0.000000 0.979039 11.536272 11.536272 11.536272
1599.348999 1.353760 3186.641602 0.000000 0.460950 0.000000 0.887426 7.051989 7.051989 7.051989
1608.034180 1.612549 3180.996094 0.000000 -0.233096 0.000000 0.972454 8.895670 8.895670 8.895670
1872.521606 2.854218 555.147522 0.000000 -0.913539 0.000000 0.406751 26.858366 26.858366 26.858366
1775.682373 2.550934 560.745483 0.000000 -0.184454 0.000000 0.982841 10.965570 10.965570 10.965570
1743.954712 2.269012 547.913452 0.000000 -0.184454 0.000000 0.982841 21.150393 21.150393 21.150393
1889.585449 2.398011 459.639618 0.000000 0.575117 0.000000 0.818072 65.086411 65.086411 65.086411
1408.258545 1.355942 83.294174 0.000000 0.280912 0.000000 0.959734 7.202376 7.202376 7.202376
2798.489258 -0.185058 2176.075928 0.000000 0.741844 0.000000 0.670573 45.642319 45.642319 45.642319
3657.207764 5.327148 2603.963135 0.000000 0.000000 0.000000 1.000000 29.119658 29.119658 29.119658
3470.685791 4.206909 1886.700195 0.000000 0.997395 0.000000 -0.072129 56.820755 56.820755 56.820755
3456.718262 7.653931 1847.993042 0.000000 0.997395 0.000000 -0.072129 56.820755 56.820755 56.820755
3462.152588 7.653931 1870.257446 0.000000 0.997395 0.000000 -0.072129 56.820755 56.820755 56.820755
4147.549805 1.106689 2775.652588 0.000000 0.835970 0.000000 0.548775 57.289139 57.289139 57.289139
4159.095703 3.161133 2461.435059 0.000000 0.499755 0.000000 0.866167 26.971369 26.971369 26.971369
4098.021973 3.267090 2638.758789 0.000000 0.499755 0.000000 0.866167 26.971369 26.971369 26.971369
2662.702881 0.564148 3188.130371 0.000000 -0.975943 0.000000 -0.218027 21.237020 21.237020 21.237020
2827.863281 4.636414 2987.514404 0.000000 -0.332266 0.000000 -0.943186 24.286230 24.286230 24.286230
2766.730957 -0.088440 3022.019775 0.000000 -0.332266 0.000000 -0.943186 48.270527 48.270527 48.270527
2659.374023 -0.171448 2915.900146 0.000000 -0.332266 0.000000 -0.943186 53.334118 53.334118 53.334118
2744.968750 4.654724 2901.324951 0.000000 -0.908228 0.000000 -0.418477 18.811218 18.811218 18.811218
3805.442627 -0.410522 2986.547852 0.000000 -0.908228 0.000000 -0.418477 71.254295 71.254295 71.254295
3776.719238 0.695923 3061.331299 0.000000 -0.854770 0.000000 -0.519007 23.764194 23.764194 23.764194
3708.156494 2.121216 2969.656494 0.000000 -0.854770 0.000000 -0.519007 23.764194 23.764194 23.764194
4070.398682 0.146851 2380.328369 0.000000 -0.128027 0.000000 -0.991771 37.913059 37.913059 37.913059
3989.393066 0.880493 2362.611328 0.000000 -0.854770 0.000000 -0.519007 23.764194 23.764194 23.764194
3693.459717 -0.401978 2211.592041 0.000000 -0.854770 0.000000 -0.519007 12.834670 12.834670 12.834670
3714.635498 2.839722 2193.137451 0.000000 -0.979220 0.000000 0.202802 12.834670 12.834670 12.834670
3701.795654 0.062378 2157.501465 0.000000 -0.992129 0.000000 0.125215 42.838013 42.838013 42.838013
3537.998535 3.577270 1841.826416 0.000000 -0.714194 0.000000 0.699948 31.461037 31.461037 31.461037
3420.606934 3.089966 1922.314087 0.000000 -0.153625 0.000000 0.988129 31.461037 31.461037 31.461037
3380.161621 1.011719 1858.565186 0.000000 -0.679739 0.000000 0.733454 25.845247 25.845247 25.845247
3453.509277 -3.725342 1792.643311 0.000000 -0.996215 0.000000 0.086922 35.715923 35.715923 35.715923
3368.299805 -4.182128 1735.890015 0.000000 -0.799030 0.000000 -0.601291 51.844574 51.844574 51.844574
3065.947021 2.953369 1691.887207 0.000000 -0.250085 0.000000 -0.968224 27.342058 27.342058 27.342058
3128.579346 5.644897 1744.181885 0.000000 0.216452 0.000000 -0.976293 34.132263 34.132263 34.132263
3227.460205 3.302735 1727.046265 0.000000 -0.234867 0.000000 -0.972027 21.632381 21.632381 21.632381
2940.791016 -0.773072 1956.723877 0.000000 -0.754432 0.000000 -0.656379 9.187229 9.187229 9.187229
2997.063477 -0.439209 1933.249146 0.000000 -0.525294 0.000000 -0.850921 7.742982 7.742982 7.742982
2970.491455 0.060547 1874.315796 0.000000 -0.807613 0.000000 0.589712 23.640814 23.640814 23.640814
2315.973633 0.122314 2260.712891 0.000000 0.287890 0.000000 0.957664 31.526102 31.526102 31.526102
2489.872803 3.865967 2149.564941 0.000000 -0.993507 0.000000 -0.113772 18.426254 18.426254 18.426254
2648.760010 0.024048 1818.768677 0.000000 -0.585815 0.000000 0.810445 31.526102 31.526102 31.526102
2581.231445 0.180176 1829.758545 0.000000 -0.153233 0.000000 0.988190 20.687592 20.687592 20.687592
4109.462891 3.269775 2252.094727 0.000000 0.440026 0.000000 0.897985 38.827881 38.827881 38.827881
3772.658203 0.968750 2318.482178 0.000000 0.000000 0.000000 1.000000 6.976001 6.976001 6.976001
3544.211670 2.357178 1982.853149 0.000000 -0.999602 0.000000 -0.028199 18.160173 18.160173 18.160173
3546.565674 2.089111 2018.182739 0.000000 -0.398809 0.000000 0.917034 18.160173 18.160173 18.160173
306.743286 -1.925537 3202.229004 0.000000 -0.611557 0.000000 0.791200 45.998455 45.998455 45.998455
3720.731445 1.224365 2221.167725 0.000000 0.000000 0.000000 1.000000 9.526148 9.526148 9.526148
3119.491211 5.322876 1888.849854 0.000000 0.000000 0.000000 1.000000 23.007437 23.007437 23.007437
3358.201416 -0.789795 2842.191162 0.000000 0.400235 0.000000 0.916412 13.830063 13.830063 13.830063
3364.182129 0.000000 2850.511230 0.000000 0.000000 0.000000 1.000000 1.000000 1.000000 1.000000
3779.810547 3.744873 1393.495605 0.000000 0.000000 0.000000 1.000000 15.313108 15.313108 15.313108
559.916809 -0.643188 1168.464600 0.000000 -0.385059 0.000000 0.922892 18.784121 18.784121 18.784121
2416.654297 7.342224 282.533386 0.000000 0.000000 0.000000 1.000000 52.113274 52.113274 52.113274
1198.939697 0.298584 1293.939819 0.000000 0.000000 0.000000 1.000000 7.904442 7.904442 7.904442
1720.481812 5.204834 1441.352295 0.000000 -0.487280 0.000000 0.873246 22.516983 22.516983 22.516983
667.409180 2.305786 1289.473633 0.000000 0.639670 0.000000 0.768650 8.701890 8.701890 8.701890
701.634949 2.365845 1285.302612 0.000000 0.948403 0.000000 0.317067 23.416265 23.416265 23.416265
2293.267090 0.755005 1768.268311 0.000000 0.000000 0.000000 1.000000 9.080045 9.080045 9.080045
3905.753418 2.262695 1356.807373 0.000000 0.000000 0.000000 1.000000 11.869539 11.869539 11.869539
3901.503662 -1.715942 1362.860229 0.000000 0.000000 0.000000 1.000000 7.483947 7.483947 7.483947
1670.672119 2.004395 1320.438232 0.000000 0.000000 0.000000 1.000000 8.949895 8.949895 8.949895
1689.548706 1.826050 1324.346558 0.000000 0.620159 0.000000 0.784476 15.064801 15.064801 15.064801
2074.905273 1.961670 1048.743652 0.000000 0.489677 0.000000 0.871904 6.507300 6.507300 6.507300
2017.275757 1.439331 1029.129883 0.000000 0.768970 0.000000 0.639285 7.023798 7.023798 7.023798
2156.109619 1.724609 993.142578 0.000000 -0.663597 0.000000 0.748091 7.743971 7.743971 7.743971
2124.062256 1.290955 975.307922 0.000000 -0.531107 0.000000 0.847305 8.189147 8.189147 8.189147
1902.522827 2.219726 831.288635 0.000000 -0.333685 0.000000 0.942685 0.618376 0.618376 0.618376
1903.475342 2.845581 832.079285 0.000000 -0.339662 0.000000 0.940547 0.638594 0.638594 0.638594
1905.790527 0.468140 833.975342 0.000000 -0.336460 0.000000 0.941698 0.941675 0.941675 0.941675
1907.223877 0.433594 835.116272 0.000000 -0.330331 0.000000 0.943865 1.000000 1.000000 1.000000
1908.414795 0.428589 836.136108 0.000000 -0.341900 0.000000 0.939736 1.000000 1.000000 1.000000
1909.438354 0.435120 837.015808 0.000000 -0.339648 0.000000 0.940553 1.000000 1.000000 1.000000
1904.242065 1.044739 832.728455 0.000000 -0.340724 0.000000 0.940163 0.646599 0.646599 0.646599
1911.260010 2.057617 838.722534 0.000000 -0.341556 0.000000 0.939862 0.688750 0.688750 0.688750
1912.127808 3.204041 839.350464 0.000000 -0.330389 0.000000 0.943845 0.660126 0.660126 0.660126
1913.097290 0.774414 840.215637 0.000000 -0.333858 0.000000 0.942623 0.719110 0.719110 0.719110
2307.830811 3.317505 1830.521729 0.000000 0.727623 0.000000 0.685978 14.574201 14.574201 14.574201
1713.001465 -0.426270 3153.857666 0.000000 -0.788372 0.000000 0.615200 25.830393 25.830393 25.830393
1685.474854 1.193604 3147.066162 0.000000 -0.484800 0.000000 0.874625 16.282633 16.282633 16.282633
1859.411499 3.961182 3294.303467 0.000000 -0.484800 0.000000 0.874625 16.282633 16.282633 16.282633
1917.592651 1.978271 1557.287476 0.000000 0.829371 0.000000 0.558698 4.518410 4.518410 4.518410
2756.224121 0.964111 2491.175293 0.000000 0.251157 0.000000 0.967946 3.279468 3.279468 3.279468
2768.102783 1.093750 2466.095215 0.000000 0.442956 0.000000 0.896544 2.718463 2.718463 2.718463
2855.596191 2.490967 2165.533691 0.000000 0.000000 0.000000 1.000000 23.122974 23.122974 23.122974
3075.234619 2.670654 2196.108887 0.000000 0.000000 0.000000 1.000000 5.088857 5.088857 5.088857
3186.468262 2.619385 2299.232910 0.000000 -0.018889 0.000000 0.999821 12.140508 12.140508 12.140508
3189.367188 0.706299 2328.083740 0.000000 0.211764 0.000000 0.977321 5.285339 5.285339 5.285339
3182.005371 0.153565 2370.736816 0.000000 0.216354 0.000000 0.976315 6.743076 6.743076 6.743076
3161.794434 1.619628 2345.923340 0.000000 0.323886 0.000000 0.946096 6.264887 6.264887 6.264887
3133.772461 1.183837 2319.088623 0.000000 0.378649 0.000000 0.925540 1.951476 1.951476 1.951476
3166.439209 1.661865 2290.047363 0.000000 -0.634348 0.000000 0.773048 5.340268 5.340268 5.340268
3191.341064 0.335205 2353.849609 0.000000 0.000000 0.000000 1.000000 3.668765 3.668765 3.668765
3151.372070 1.827636 2319.938721 0.000000 0.000000 0.000000 1.000000 3.356320 3.356320 3.356320
3097.063965 1.397705 2332.402344 0.000000 0.632907 0.000000 0.774227 6.447993 6.447993 6.447993
2841.709717 1.354736 2181.288574 0.000000 0.000000 0.000000 1.000000 8.398911 8.398911 8.398911
2920.881104 1.432617 2144.200439 0.000000 0.000000 0.000000 1.000000 5.502979 5.502979 5.502979
2916.554932 1.286621 2130.432129 0.000000 0.648535 0.000000 0.761185 6.281756 6.281756 6.281756
2921.640625 2.386230 2139.800049 0.000000 0.000000 0.000000 1.000000 6.740356 6.740356 6.740356
2682.745361 0.508911 1893.292725 0.000000 0.504716 0.000000 0.863286 4.164899 4.164899 4.164899
2676.682861 0.981689 1898.415649 0.000000 -0.330403 0.000000 0.943840 4.024925 4.024925 4.024925
2799.923340 3.218018 2028.184937 0.000000 0.558284 0.000000 0.829650 4.975492 4.975492 4.975492
2943.794678 1.132568 1985.180176 0.000000 0.443065 0.000000 0.896489 3.307529 3.307529 3.307529
2938.843994 0.884643 1977.281250 0.000000 0.000000 0.000000 1.000000 2.756567 2.756567 2.756567
2866.393311 -0.059570 2051.462158 0.000000 0.000000 0.000000 1.000000 6.114356 6.114356 6.114356
2864.245605 0.787598 2058.197266 0.000000 0.000000 0.000000 1.000000 3.346606 3.346606 3.346606
3057.899658 1.742188 2226.854004 0.000000 0.665284 0.000000 0.746590 5.341997 5.341997 5.341997
3030.731689 0.967041 2153.866455 0.000000 0.000000 0.000000 1.000000 3.408651 3.408651 3.408651
3008.861816 2.230713 2158.545898 0.000000 0.000000 0.000000 1.000000 7.808599 7.808599 7.808599
5503.036133 3.155762 1206.547607 0.000000 0.000000 0.000000 1.000000 8.471859 8.471859 8.471859
5466.951172 3.443604 1212.846558 0.000000 0.000000 0.000000 1.000000 8.695874 8.695874 8.695874
5553.766602 0.122986 970.754761 0.000000 0.000000 0.000000 1.000000 14.099067 14.099067 14.099067
2824.757812 2.098389 2498.859619 0.000000 0.000000 0.000000 1.000000 4.347973 4.347973 4.347973
2792.075684 -0.159423 2525.690918 0.000000 0.722431 0.000000 0.691443 15.025486 15.025486 15.025486
2751.628174 0.560791 2519.213623 0.000000 0.000000 0.000000 1.000000 18.206043 18.206043 18.206043
2765.898682 2.421143 2515.948486 0.000000 0.000000 0.000000 1.000000 2.577075 2.577075 2.577075
2773.664062 -0.415527 2517.546387 0.000000 0.651341 0.000000 0.758785 6.983398 6.983398 6.983398
2751.370117 1.072754 2534.163818 0.000000 0.000000 0.000000 1.000000 8.372418 8.372418 8.372418
2730.622070 0.000000 2546.661133 0.000000 0.611889 0.000000 0.790943 15.702178 15.702178 15.702178
2830.061768 0.631836 2516.311279 0.000000 -0.307293 0.000000 0.951614 6.745250 6.745250 6.745250
2822.708740 0.695068 2561.515869 0.000000 0.183164 0.000000 0.983082 22.382601 22.382601 22.382601
2792.081543 1.747070 2553.603516 0.000000 0.660257 0.000000 0.751040 3.781519 3.781519 3.781519
1933.149414 2.358398 2596.934082 0.000000 0.000000 0.000000 1.000000 4.284355 4.284355 4.284355
1970.332764 0.797119 2556.691650 0.000000 0.556345 0.000000 0.830951 13.198129 13.198129 13.198129
1990.106201 1.213379 2611.490234 0.000000 0.000000 0.000000 1.000000 4.543348 4.543348 4.543348
2117.477539 1.084473 2695.691162 0.000000 0.393485 0.000000 0.919331 4.595672 4.595672 4.595672
2127.797607 0.746094 2701.419678 0.000000 0.000000 0.000000 1.000000 3.260303 3.260303 3.260303
2226.122559 1.919189 2570.323975 0.000000 0.000000 0.000000 1.000000 5.537189 5.537189 5.537189
2291.644043 2.631104 2710.575195 0.000000 0.000000 0.000000 1.000000 5.860059 5.860059 5.860059
1866.468872 -1.160400 2620.792480 0.000000 -0.611346 0.000000 0.791363 7.255737 7.255737 7.255737
4042.328369 1.066559 487.845306 0.000000 0.345511 0.000000 0.938415 5.008116 5.008116 5.008116
4071.743408 0.252869 506.842072 0.000000 -0.293496 0.000000 0.955960 8.705773 8.705773 8.705773
3150.452637 1.521484 1275.669678 0.000000 -0.913479 0.000000 -0.406885 11.913500 11.913500 11.913500
3145.844727 2.264160 1268.953613 0.000000 0.368032 0.000000 0.929813 4.785571 4.785571 4.785571
3245.585938 1.568115 1256.313477 0.000000 0.000000 0.000000 1.000000 6.081555 6.081555 6.081555
3347.302246 2.248413 1362.090332 0.000000 0.000000 0.000000 1.000000 7.388499 7.388499 7.388499
"}
