object={
	name="hadrians wall 01"
	render_pass=MapUnderWater
	clamp_to_water_level=no
	generated_content=no
	layer="gh_special_buildings"
	pdxmesh="hadrians_wall_01_a_mesh"
	count=11
	transform="183.847427 0.000000 1289.931885 0.000000 0.970106 0.000000 0.242680 1.747381 1.747381 1.747381
200.280960 0.000000 1278.600952 0.000000 -0.499705 0.000000 0.866196 1.747381 1.747381 1.747381
179.049057 0.000000 1274.564209 0.000000 0.467558 0.000000 0.883962 1.747381 1.747381 1.747381
2398.525879 0.000000 2232.875732 0.000000 0.999190 0.000000 0.040237 0.326141 0.326141 0.326141
3161.132568 0.000000 2301.018555 0.000000 0.811251 0.000000 0.584698 0.514099 0.514099 0.514099
3697.105957 0.000000 2856.485352 0.000000 0.512886 0.000000 0.858457 2.486301 2.486301 2.486301
635.384644 0.000000 1204.586914 0.000000 -0.390488 0.000000 0.920608 1.000000 1.000000 1.000000
2353.369873 0.000000 2544.946533 0.000000 -0.838224 0.000000 0.545326 1.000000 1.000000 1.000000
2407.703613 0.000000 2453.642090 0.000000 -0.430437 0.000000 0.902621 1.000000 1.000000 1.000000
2565.880127 0.000000 2231.472656 0.000000 -0.201044 0.000000 0.979582 1.000000 1.000000 1.000000
4484.586426 0.000000 1009.771851 0.000000 -0.892687 0.000000 0.450678 0.862343 0.862343 0.862343
"}
object={
	name="hadrians wall 02"
	render_pass=MapUnderWater
	clamp_to_water_level=no
	generated_content=no
	layer="gh_special_buildings"
	pdxmesh="hadrians_wall_01_b_mesh"
	count=14
	transform="250.488586 0.000000 1285.061157 0.000000 -0.314282 0.000000 0.949330 1.000000 1.000000 1.000000
3560.617676 0.000000 1461.531616 0.000000 -0.730463 0.000000 0.682952 1.000000 1.000000 1.000000
2192.743408 0.000000 2557.232422 0.000000 -0.218916 0.000000 0.975744 0.530625 0.530625 0.530625
3160.255127 0.000000 2304.393555 0.000000 0.472609 0.000000 0.881272 0.536792 0.536792 0.536792
2456.471436 0.000000 322.599457 0.000000 0.742845 0.000000 0.669463 1.000000 1.000000 1.000000
3696.343018 0.000000 2760.322510 0.000000 -0.752049 0.000000 0.659107 2.030994 2.030994 2.030994
3655.821533 0.000000 2880.663086 0.000000 -0.891625 0.000000 0.452775 2.794931 2.794931 2.794931
2869.035889 0.000000 2172.086426 0.000000 0.430740 0.000000 0.902476 0.635864 0.635864 0.635864
616.940613 0.000000 1190.335083 0.000000 0.000000 0.000000 1.000000 1.000000 1.000000 1.000000
2399.284424 0.000000 2516.059082 0.000000 -0.254936 0.000000 0.966958 1.000000 1.000000 1.000000
2313.710449 0.903809 2456.372070 0.000000 -0.174877 0.000000 0.984590 1.000000 1.000000 1.000000
2621.319092 0.000000 2225.977295 0.000000 -0.916548 0.000000 0.399924 1.000000 1.000000 1.000000
2408.122559 1.148438 2735.967041 0.000000 -0.964359 0.000000 0.264598 1.216699 1.216699 1.216699
2422.673340 0.000000 2734.229980 0.000000 -0.146746 0.000000 0.989174 1.000000 1.000000 1.000000
"}
object={
	name="hadrians wall 03"
	render_pass=MapUnderWater
	clamp_to_water_level=no
	generated_content=no
	layer="gh_special_buildings"
	pdxmesh="hadrians_wall_01_c_mesh"
	count=33
	transform="195.457687 0.000000 1292.001587 0.000000 -0.289205 0.000000 -0.957267 1.701177 1.701177 1.701177
195.573364 0.000000 1271.843384 0.000000 -0.982424 0.000000 -0.186662 1.701177 1.701177 1.701177
187.008453 0.000000 1269.327515 0.000000 -0.984574 0.000000 0.174971 1.701177 1.701177 1.701177
176.491501 0.000000 1283.545044 0.000000 -0.410077 0.000000 0.912051 1.701177 1.701177 1.701177
200.858231 0.000000 1288.616821 0.000000 0.594040 0.000000 0.804435 1.701177 1.701177 1.701177
3557.063477 0.000000 1448.097778 0.000000 -0.960190 0.000000 -0.279349 1.000000 1.000000 1.000000
2190.045654 0.000000 2561.058594 0.000000 0.801159 0.000000 0.598451 0.489380 0.489380 0.489380
2189.829834 0.000000 2559.241699 0.000000 0.911247 0.000000 0.411861 0.489380 0.489380 0.489380
2192.204346 0.000000 2559.718262 0.000000 -0.917081 0.000000 -0.398701 0.579138 0.579138 0.579138
2190.126221 0.000000 2556.413574 0.000000 -0.993837 0.000000 0.110851 0.579138 0.579138 0.579138
2190.715088 0.000000 2558.520996 0.000000 -0.993837 0.000000 0.110851 0.579138 0.579138 0.579138
2392.289551 0.000000 2233.893799 0.000000 -0.197156 0.000000 0.980372 0.451587 0.451587 0.451587
3156.941650 0.000000 2308.401855 0.000000 0.260981 0.000000 0.965344 0.536364 0.536364 0.536364
3158.829346 0.000000 2301.443848 0.000000 -0.863180 0.000000 0.504896 0.469259 0.469259 0.469259
2441.592285 0.000000 254.055649 0.000000 0.000000 0.000000 1.000000 1.000000 1.000000 1.000000
3642.078613 0.000000 2925.839111 0.000000 -0.572555 0.000000 0.819866 2.568820 2.568820 2.568820
3701.390625 0.000000 2839.016113 0.000000 -0.671843 0.000000 0.740694 3.041717 3.041717 3.041717
3687.164551 0.000000 2798.467529 0.000000 -0.371067 0.000000 0.928606 3.041717 3.041717 3.041717
3594.716797 0.000000 2999.222656 0.000000 -0.991241 0.000000 -0.132064 2.276099 2.276099 2.276099
2549.707764 0.031494 2835.049561 0.000000 0.152358 0.000000 0.988325 2.078345 2.078345 2.078345
2548.849854 0.031494 2820.250244 0.000000 -0.985876 0.000000 0.167477 2.078345 2.078345 2.078345
604.867798 0.000000 1224.050659 0.000000 0.000000 0.000000 1.000000 1.000000 1.000000 1.000000
4066.565186 0.000000 913.739380 0.000000 0.000000 0.000000 1.000000 1.000000 1.000000 1.000000
2419.754639 0.000000 2492.057617 0.000000 0.000000 0.000000 1.000000 1.000000 1.000000 1.000000
2438.024414 0.000000 2466.612305 0.000000 0.000000 0.000000 1.000000 1.000000 1.000000 1.000000
4478.413086 0.000000 1012.129517 0.000000 0.014465 0.000000 0.999895 0.772888 0.772888 0.772888
4486.010742 0.000000 1006.927612 0.000000 0.798283 0.000000 0.602283 1.000000 1.000000 1.000000
4484.999023 0.000000 1003.494690 0.000000 0.971327 0.000000 0.237748 1.000000 1.000000 1.000000
4482.243164 0.000000 1011.689697 0.000000 0.405793 0.000000 0.913965 1.000000 1.000000 1.000000
2798.164062 0.000000 1939.759766 0.000000 -0.397885 0.000000 0.917435 1.000000 1.000000 1.000000
2802.213379 0.000000 1941.773315 0.000000 0.337767 0.000000 0.941230 1.000000 1.000000 1.000000
2804.552490 0.000000 1939.051514 0.000000 0.799842 0.000000 0.600210 1.000000 1.000000 1.000000
2432.292480 0.000000 2733.528564 0.000000 0.586285 0.000000 0.810105 1.000000 1.000000 1.000000
"}
object={
	name="hadrians wall 04"
	render_pass=MapUnderWater
	clamp_to_water_level=no
	generated_content=no
	layer="gh_special_buildings"
	pdxmesh="hadrians_wall_01_d_mesh"
	count=47
	transform="179.038376 0.000000 1278.791382 0.000000 0.504640 0.000000 0.863330 2.229578 2.229578 2.229578
199.205276 0.000000 1287.144531 0.000000 0.000000 0.000000 1.000000 1.000000 1.000000 1.000000
194.122559 0.000000 1273.794434 0.000000 -0.835071 0.000000 0.550142 1.000000 1.000000 1.000000
187.538773 0.000000 1280.027710 0.000000 0.000000 0.000000 1.000000 1.432983 1.432983 1.432983
3122.385498 0.000000 2350.961914 0.000000 -0.702823 0.000000 0.711365 1.000000 1.000000 1.000000
3158.305908 0.000000 2307.016602 0.000000 0.000000 0.000000 1.000000 0.629858 0.629858 0.629858
2365.114746 0.000000 288.496796 0.000000 0.664874 0.000000 0.746955 1.628314 1.628314 1.628314
3693.191895 0.000000 2854.270020 0.000000 -0.526470 0.000000 0.850194 2.193775 2.193775 2.193775
3641.126465 0.000000 2970.186523 0.000000 0.000000 0.000000 1.000000 1.000000 1.000000 1.000000
3644.121826 0.000000 2949.467529 0.000000 -0.911949 0.000000 0.410303 1.887036 1.887036 1.887036
3637.265625 0.000000 2918.769531 0.000000 0.000000 0.000000 1.000000 1.774780 1.774780 1.774780
2882.637451 0.000000 2156.346436 0.000000 0.000000 0.000000 1.000000 1.881372 1.881372 1.881372
2535.851318 0.000000 2814.598877 0.000000 0.000000 0.000000 1.000000 1.000000 1.000000 1.000000
2556.128418 0.000000 2826.992676 0.000000 0.000000 0.000000 1.000000 1.000000 1.000000 1.000000
2543.588867 0.000000 2826.217041 0.000000 0.694680 0.000000 0.719319 1.792212 1.792212 1.792212
1780.837280 0.000000 1438.472046 0.000000 0.000000 0.000000 1.000000 1.000000 1.000000 1.000000
1761.921875 0.000000 1449.028442 0.000000 0.000000 0.000000 1.000000 1.000000 1.000000 1.000000
1749.000366 0.000000 1447.983887 0.000000 -0.961933 0.000000 0.273284 1.388660 1.388660 1.388660
1735.473267 0.000000 1459.517456 0.000000 -0.566133 0.000000 0.824314 1.487170 1.487170 1.487170
1714.998169 0.000000 1446.971680 0.000000 -0.500402 0.000000 0.865793 1.506482 1.506482 1.506482
1752.310059 0.000000 1430.054077 0.000000 0.000000 0.000000 1.000000 1.415649 1.415649 1.415649
1784.024048 0.000000 1429.399780 0.000000 -0.999993 0.000000 0.003658 1.000000 1.000000 1.000000
1795.906982 0.000000 1444.719360 0.000000 0.000000 0.000000 1.000000 3.709033 3.709033 3.709033
1801.185059 0.000000 1423.505981 0.000000 0.000000 0.000000 1.000000 1.000000 1.000000 1.000000
1813.878662 0.000000 1466.959106 0.000000 -0.961486 0.000000 0.274854 1.000000 1.000000 1.000000
1822.041504 0.000000 1470.857056 0.000000 -0.999998 0.000000 0.002040 1.635840 1.635840 1.635840
1778.536499 0.000000 1468.210449 0.000000 0.000000 0.000000 1.000000 2.320374 2.320374 2.320374
3107.276367 0.000000 2726.631592 0.000000 0.000000 0.000000 1.000000 1.000000 1.000000 1.000000
3135.347412 0.000000 2744.871826 0.000000 -0.879843 0.000000 0.475265 1.442480 1.442480 1.442480
624.198181 0.000000 1210.442871 0.000000 0.000000 0.000000 1.000000 1.000000 1.000000 1.000000
609.942688 0.000000 1191.123535 0.000000 0.733079 0.000000 0.680144 1.000000 1.000000 1.000000
4076.081543 0.000000 911.609070 0.000000 0.000000 0.000000 1.000000 1.000000 1.000000 1.000000
2413.826416 0.000000 2530.495605 0.000000 0.000000 0.000000 1.000000 1.000000 1.000000 1.000000
2361.086670 0.000000 2487.957520 0.000000 -0.902990 0.000000 0.429661 1.653906 1.653906 1.653906
2369.069336 0.000000 2428.717773 0.000000 0.000000 0.000000 1.000000 1.000000 1.000000 1.000000
2397.561279 0.000000 2432.699951 0.000000 0.699385 0.000000 0.714746 1.756128 1.756128 1.756128
2348.709229 0.000000 2462.966553 0.000000 0.000000 0.000000 1.000000 1.000000 1.000000 1.000000
2599.407471 0.000000 2230.274902 0.000000 0.000000 0.000000 1.000000 1.000000 1.000000 1.000000
2569.483154 0.000000 2226.084473 0.000000 0.000000 0.000000 1.000000 1.000000 1.000000 1.000000
2574.797363 0.000000 2227.989014 0.000000 0.482449 0.000000 0.875924 1.358301 1.358301 1.358301
2553.945801 0.000000 2250.845947 0.000000 0.000000 0.000000 1.000000 1.000000 1.000000 1.000000
2801.676758 0.000000 1940.321045 0.000000 0.000000 0.000000 1.000000 1.000000 1.000000 1.000000
2427.929199 0.000000 2729.183594 0.000000 0.000000 0.000000 1.000000 1.000000 1.000000 1.000000
2432.811523 0.000000 2729.586670 0.000000 0.343305 0.000000 0.939224 1.594092 1.594092 1.594092
2426.176514 0.000000 2733.415039 0.000000 0.629214 0.000000 0.777232 1.000000 1.000000 1.000000
2427.987793 0.000000 2719.840332 0.000000 0.000000 0.000000 1.000000 1.000000 1.000000 1.000000
2430.824219 0.000000 2707.759277 0.000000 -0.691622 0.000000 0.722259 1.404126 1.404126 1.404126
"}
object={
	name="mines"
	render_pass=MapUnderWater
	clamp_to_water_level=no
	generated_content=no
	layer="gh_special_buildings"
	pdxmesh="building_special_mines_mesh"
	count=16
	transform="2753.880127 0.000000 2052.220703 0.000000 0.000000 0.000000 1.000000 1.358618 1.358618 1.358618
2961.813232 0.000000 1765.142334 0.000000 0.509004 0.000000 0.860764 1.198914 1.198914 1.198914
3128.657471 0.000000 1806.327271 0.000000 0.432172 0.000000 0.901791 0.826819 0.826819 0.826819
3083.484131 0.000000 1338.734253 0.000000 0.269455 0.000000 0.963013 1.000000 1.000000 1.000000
3349.955811 0.000000 1404.295166 0.000000 0.796607 0.000000 0.604498 1.000000 1.000000 1.000000
3949.974854 0.000000 1305.374390 0.000000 -0.505374 0.000000 0.862900 1.140375 1.140375 1.140375
3648.769775 0.000000 1504.532715 0.000000 0.743315 0.000000 0.668941 1.049904 1.049904 1.049904
2809.375000 2.703735 2517.339844 0.000000 -0.590849 0.000000 0.806782 0.748715 0.748715 0.748715
2172.475342 0.000000 1025.068237 0.000000 0.998964 0.000000 0.045512 1.264980 1.264980 1.264980
101.760452 0.181824 1271.659546 0.000000 -0.839159 0.000000 -0.543887 1.031654 1.031654 1.031654
587.365295 0.000000 1690.370728 0.000000 0.000000 0.000000 1.000000 2.115822 2.115822 2.115822
665.332153 0.000000 1263.331543 0.000000 0.999731 0.000000 -0.023173 1.791121 1.791121 1.791121
1736.286255 0.000000 1547.074829 0.000000 0.000000 0.000000 1.000000 1.366784 1.366784 1.366784
1743.837524 0.000000 660.791260 0.000000 -0.419761 0.000000 0.907635 1.466059 1.466059 1.466059
2570.578857 0.000000 2522.536865 0.000000 0.326079 0.000000 0.945343 1.713656 1.713656 1.713656
5722.844727 0.000000 546.095886 0.000000 0.123645 0.000000 0.992326 1.000000 1.000000 1.000000
"}
object={
	name="special_brihadeeswarar_temple"
	render_pass=MapUnderWater
	clamp_to_water_level=no
	generated_content=no
	layer="gh_special_buildings"
	pdxmesh="building_special_brihadeeswarar_temple_mesh"
	count=5
	transform="1275.354004 0.000000 1460.478394 0.000000 0.709327 0.000000 0.704879 0.649242 0.649242 0.649242
51.716003 -5.923401 1035.742798 0.000000 0.758860 0.000000 0.651254 2.149673 2.149673 2.149673
32.623802 -3.554077 437.106079 0.000000 0.803894 0.000000 0.594773 1.703836 1.703836 1.703836
2546.857178 -2.690369 1546.809082 0.000000 0.947551 0.000000 0.319605 1.000000 1.000000 1.000000
2998.442871 -1.812073 287.240906 0.000000 -0.832267 0.000000 0.554375 1.000000 1.000000 1.000000
"}
object={
	name="special_cathedral_generic"
	render_pass=MapUnderWater
	clamp_to_water_level=no
	generated_content=no
	layer="gh_special_buildings"
	pdxmesh="building_special_cathedral_generic_mesh"
	count=0
}
object={
	name="special_cathedral_pagan"
	render_pass=MapUnderWater
	clamp_to_water_level=no
	generated_content=no
	layer="gh_special_buildings"
	pdxmesh="building_special_cathedral_pagan_mesh"
	count=1
	transform="3069.182861 0.000000 2348.733887 0.000000 0.000000 0.000000 1.000000 0.455115 0.455115 0.455115
"}
object={
	name="special_colosseum"
	render_pass=MapUnderWater
	clamp_to_water_level=no
	generated_content=no
	layer="gh_special_buildings"
	pdxmesh="building_special_colosseum_mesh"
	count=1
	transform="2425.546631 0.500000 1771.264893 0.000000 0.000000 0.000000 0.000000 0.500000 0.500000 0.500000
"}
object={
	name="special_great_mosque_of_djenne"
	render_pass=MapUnderWater
	clamp_to_water_level=no
	generated_content=no
	layer="gh_special_buildings"
	pdxmesh="building_special_great_mosque_of_djenne_mesh"
	count=1
	transform="2326.254150 0.000000 2686.097656 0.000000 -0.556231 0.000000 0.831028 0.349268 0.349268 0.349268
"}
object={
	name="special_great_mosque_of_mecca"
	render_pass=MapUnderWater
	clamp_to_water_level=no
	generated_content=no
	layer="gh_special_buildings"
	pdxmesh="building_special_great_mosque_of_mecca_mesh"
	count=3
	transform="1274.549805 -4.020142 1459.742554 0.000000 0.895421 0.000000 0.445221 1.407765 1.407765 1.407765
2531.471436 -7.446777 1560.249390 0.000000 0.549237 0.000000 0.835666 1.257642 1.257642 1.257642
571.537354 -3.575806 1245.155029 0.000000 0.089138 0.000000 0.996019 2.081030 2.081030 2.081030
"}
object={
	name="special_notre_dame"
	render_pass=MapUnderWater
	clamp_to_water_level=no
	generated_content=no
	layer="gh_special_buildings"
	pdxmesh="building_special_notre_dame_mesh"
	count=2
	transform="2184.009766 0.000000 2562.837402 0.000000 -0.745496 0.000000 0.666511 0.747082 0.747082 0.747082
2548.258789 0.000000 2825.076172 0.000000 -0.291912 0.000000 -0.956445 0.638257 0.638257 0.638257
"}
object={
	name="special_palace_of_aachen"
	render_pass=MapUnderWater
	clamp_to_water_level=no
	generated_content=no
	layer="gh_special_buildings"
	pdxmesh="building_special_palace_of_aachen_mesh"
	count=0
}
object={
	name="special_pyramids_giza"
	render_pass=MapUnderWater
	clamp_to_water_level=no
	generated_content=no
	layer="gh_special_buildings"
	pdxmesh="building_special_pyramids_giza_mesh"
	count=6
	transform="190.240860 0.031250 1270.791992 0.000000 0.710252 0.000000 0.703948 1.000000 1.000000 1.000000
185.267166 -1.827026 1282.018311 0.000000 0.000000 0.000000 1.000000 1.000000 1.000000 1.000000
186.401230 -3.956421 1286.623169 0.000000 0.000000 0.000000 1.000000 1.000000 1.000000 1.000000
194.369766 -9.718384 1170.638428 0.000000 0.385657 0.000000 0.922642 2.547559 2.547559 2.547559
254.305573 -4.795349 1007.177002 0.000000 0.998937 0.000000 -0.046093 2.627389 2.627389 2.627389
265.748230 -9.276276 1013.859741 0.000000 0.998937 0.000000 -0.046093 2.627389 2.627389 2.627389
"}
object={
	name="special_stonehenge"
	render_pass=MapUnderWater
	clamp_to_water_level=no
	generated_content=no
	layer="gh_special_buildings"
	pdxmesh="building_special_stonehenge_mesh"
	count=9
	transform="3406.080322 0.000000 2400.393555 0.000000 0.000000 0.000000 1.000000 0.536184 0.536184 0.536184
3353.452393 -0.196411 2377.910645 0.000000 0.773593 0.000000 0.633683 0.360205 0.360205 0.360205
3204.512451 0.000000 2356.356445 0.000000 0.000000 0.000000 1.000000 0.310107 0.310107 0.310107
3085.429443 2.582520 2371.667969 0.000000 -0.791506 0.000000 0.611162 0.547791 0.547791 0.547791
2819.344727 -0.580811 2174.305908 0.000000 0.000000 0.000000 1.000000 0.417599 0.417599 0.417599
3194.258789 0.000000 2774.665771 0.000000 0.000000 0.000000 1.000000 0.696094 0.696094 0.696094
2363.777344 1.126953 2465.965332 0.000000 -0.727329 0.000000 0.686288 1.251574 1.251574 1.251574
2363.776855 0.000000 2465.967773 0.000000 0.000000 0.000000 1.000000 1.000000 1.000000 1.000000
2604.501221 -0.674072 2197.722168 0.000000 0.000000 0.000000 1.000000 1.000000 1.000000 1.000000
"}
object={
	name="special_tower_of_london"
	render_pass=MapUnderWater
	clamp_to_water_level=no
	generated_content=no
	layer="gh_special_buildings"
	pdxmesh="building_special_tower_of_london_mesh"
	count=1
	transform="1463.491211 -3.557129 1676.492920 0.000000 -0.998940 0.000000 -0.046024 1.000000 1.000000 1.000000
"}
object={
	name="wall_of_gurgan"
	render_pass=MapUnderWater
	clamp_to_water_level=no
	generated_content=no
	layer="temp_layer"
	pdxmesh="fp3_building_special_great_wall_of_gorgan_01_a_mesh"
	count=0
}
